solid OpenSCAD_Model
  facet normal 0.923881 0.382681 0
    outer loop
      vertex 0.24 0 0.55
      vertex 0.169706 0.169706 0.05
      vertex 0.169706 0.169706 0.55
    endloop
  endfacet
  facet normal 0.923881 0.382681 0
    outer loop
      vertex 0.169706 0.169706 0.05
      vertex 0.24 0 0.55
      vertex 0.24 0 0.05
    endloop
  endfacet
  facet normal 0.382681 0.923881 -0
    outer loop
      vertex 0.169706 0.169706 0.05
      vertex 0 0.24 0.55
      vertex 0.169706 0.169706 0.55
    endloop
  endfacet
  facet normal 0.382681 0.923881 0
    outer loop
      vertex 0 0.24 0.55
      vertex 0.169706 0.169706 0.05
      vertex 0 0.24 0.05
    endloop
  endfacet
  facet normal -0.382681 0.923881 0
    outer loop
      vertex 0 0.24 0.05
      vertex -0.169706 0.169706 0.55
      vertex 0 0.24 0.55
    endloop
  endfacet
  facet normal -0.382681 0.923881 0
    outer loop
      vertex -0.169706 0.169706 0.55
      vertex 0 0.24 0.05
      vertex -0.169706 0.169706 0.05
    endloop
  endfacet
  facet normal -0.923881 0.382681 0
    outer loop
      vertex -0.24 0 0.05
      vertex -0.169706 0.169706 0.55
      vertex -0.169706 0.169706 0.05
    endloop
  endfacet
  facet normal -0.923881 0.382681 0
    outer loop
      vertex -0.169706 0.169706 0.55
      vertex -0.24 0 0.05
      vertex -0.24 0 0.55
    endloop
  endfacet
  facet normal -0.923881 -0.382681 0
    outer loop
      vertex -0.169706 -0.169706 0.05
      vertex -0.24 0 0.55
      vertex -0.24 0 0.05
    endloop
  endfacet
  facet normal -0.923881 -0.382681 0
    outer loop
      vertex -0.24 0 0.55
      vertex -0.169706 -0.169706 0.05
      vertex -0.169706 -0.169706 0.55
    endloop
  endfacet
  facet normal -0.382681 -0.923881 0
    outer loop
      vertex -0.169706 -0.169706 0.05
      vertex 0 -0.24 0.55
      vertex -0.169706 -0.169706 0.55
    endloop
  endfacet
  facet normal -0.382681 -0.923881 -0
    outer loop
      vertex 0 -0.24 0.55
      vertex -0.169706 -0.169706 0.05
      vertex 0 -0.24 0.05
    endloop
  endfacet
  facet normal 0.382681 -0.923881 0
    outer loop
      vertex 0 -0.24 0.05
      vertex 0.169706 -0.169706 0.55
      vertex 0 -0.24 0.55
    endloop
  endfacet
  facet normal 0.382681 -0.923881 0
    outer loop
      vertex 0.169706 -0.169706 0.55
      vertex 0 -0.24 0.05
      vertex 0.169706 -0.169706 0.05
    endloop
  endfacet
  facet normal 0.923881 -0.382681 0
    outer loop
      vertex 0.169706 -0.169706 0.55
      vertex 0.24 0 0.05
      vertex 0.24 0 0.55
    endloop
  endfacet
  facet normal 0.923881 -0.382681 0
    outer loop
      vertex 0.24 0 0.05
      vertex 0.169706 -0.169706 0.55
      vertex 0.169706 -0.169706 0.05
    endloop
  endfacet
  facet normal 0 0 -1
    outer loop
      vertex 0.169706 -0.169706 0.05
      vertex 0.169706 0.169706 0.05
      vertex 0.24 0 0.05
    endloop
  endfacet
  facet normal 0 0 -1
    outer loop
      vertex 0 -0.24 0.05
      vertex 0.169706 0.169706 0.05
      vertex 0.169706 -0.169706 0.05
    endloop
  endfacet
  facet normal 0 0 -1
    outer loop
      vertex 0 -0.24 0.05
      vertex 0 0.24 0.05
      vertex 0.169706 0.169706 0.05
    endloop
  endfacet
  facet normal 0 0 -1
    outer loop
      vertex -0.169706 -0.169706 0.05
      vertex 0 0.24 0.05
      vertex 0 -0.24 0.05
    endloop
  endfacet
  facet normal 0 0 -1
    outer loop
      vertex -0.169706 -0.169706 0.05
      vertex -0.169706 0.169706 0.05
      vertex 0 0.24 0.05
    endloop
  endfacet
  facet normal 0 -0 -1
    outer loop
      vertex -0.169706 0.169706 0.05
      vertex -0.169706 -0.169706 0.05
      vertex -0.24 0 0.05
    endloop
  endfacet
  facet normal 0 0 1
    outer loop
      vertex 0.169706 0.169706 0.55
      vertex 0.169706 -0.169706 0.55
      vertex 0.24 0 0.55
    endloop
  endfacet
  facet normal 0 0 1
    outer loop
      vertex 0 0.24 0.55
      vertex 0.169706 -0.169706 0.55
      vertex 0.169706 0.169706 0.55
    endloop
  endfacet
  facet normal 0 0 1
    outer loop
      vertex 0 0.24 0.55
      vertex 0 -0.24 0.55
      vertex 0.169706 -0.169706 0.55
    endloop
  endfacet
  facet normal -0 0 1
    outer loop
      vertex -0.169706 0.169706 0.55
      vertex 0 -0.24 0.55
      vertex 0 0.24 0.55
    endloop
  endfacet
  facet normal 0 0 1
    outer loop
      vertex -0.169706 0.169706 0.55
      vertex -0.169706 -0.169706 0.55
      vertex 0 -0.24 0.55
    endloop
  endfacet
  facet normal 0 -0 1
    outer loop
      vertex -0.169706 -0.169706 0.55
      vertex -0.169706 0.169706 0.55
      vertex -0.24 0 0.55
    endloop
  endfacet
endsolid OpenSCAD_Model
