solid OpenSCAD_Model
  facet normal 0.707107 0.707107 0
    outer loop
      vertex 0.785298 0.325281 0.025
      vertex 0.325281 0.785298 -0.025
      vertex 0.325281 0.785298 0.025
    endloop
  endfacet
  facet normal 0.707107 0.707107 0
    outer loop
      vertex 0.325281 0.785298 -0.025
      vertex 0.785298 0.325281 0.025
      vertex 0.785298 0.325281 -0.025
    endloop
  endfacet
  facet normal 0 1 -0
    outer loop
      vertex 0.325281 0.785298 -0.025
      vertex -0.325281 0.785298 0.025
      vertex 0.325281 0.785298 0.025
    endloop
  endfacet
  facet normal 0 1 0
    outer loop
      vertex -0.325281 0.785298 0.025
      vertex 0.325281 0.785298 -0.025
      vertex -0.325281 0.785298 -0.025
    endloop
  endfacet
  facet normal -0.707107 0.707107 0
    outer loop
      vertex -0.785298 0.325281 -0.025
      vertex -0.325281 0.785298 0.025
      vertex -0.325281 0.785298 -0.025
    endloop
  endfacet
  facet normal -0.707107 0.707107 0
    outer loop
      vertex -0.325281 0.785298 0.025
      vertex -0.785298 0.325281 -0.025
      vertex -0.785298 0.325281 0.025
    endloop
  endfacet
  facet normal -1 0 0
    outer loop
      vertex -0.785298 -0.325281 -0.025
      vertex -0.785298 0.325281 0.025
      vertex -0.785298 0.325281 -0.025
    endloop
  endfacet
  facet normal -1 -0 0
    outer loop
      vertex -0.785298 0.325281 0.025
      vertex -0.785298 -0.325281 -0.025
      vertex -0.785298 -0.325281 0.025
    endloop
  endfacet
  facet normal -0.707107 -0.707107 0
    outer loop
      vertex -0.325281 -0.785298 -0.025
      vertex -0.785298 -0.325281 0.025
      vertex -0.785298 -0.325281 -0.025
    endloop
  endfacet
  facet normal -0.707107 -0.707107 0
    outer loop
      vertex -0.785298 -0.325281 0.025
      vertex -0.325281 -0.785298 -0.025
      vertex -0.325281 -0.785298 0.025
    endloop
  endfacet
  facet normal 0 -1 0
    outer loop
      vertex -0.325281 -0.785298 -0.025
      vertex 0.325281 -0.785298 0.025
      vertex -0.325281 -0.785298 0.025
    endloop
  endfacet
  facet normal 0 -1 -0
    outer loop
      vertex 0.325281 -0.785298 0.025
      vertex -0.325281 -0.785298 -0.025
      vertex 0.325281 -0.785298 -0.025
    endloop
  endfacet
  facet normal 0.707107 -0.707107 0
    outer loop
      vertex 0.325281 -0.785298 0.025
      vertex 0.785298 -0.325281 -0.025
      vertex 0.785298 -0.325281 0.025
    endloop
  endfacet
  facet normal 0.707107 -0.707107 0
    outer loop
      vertex 0.785298 -0.325281 -0.025
      vertex 0.325281 -0.785298 0.025
      vertex 0.325281 -0.785298 -0.025
    endloop
  endfacet
  facet normal 1 -0 0
    outer loop
      vertex 0.785298 -0.325281 0.025
      vertex 0.785298 0.325281 -0.025
      vertex 0.785298 0.325281 0.025
    endloop
  endfacet
  facet normal 1 0 0
    outer loop
      vertex 0.785298 0.325281 -0.025
      vertex 0.785298 -0.325281 0.025
      vertex 0.785298 -0.325281 -0.025
    endloop
  endfacet
  facet normal 0 0 -1
    outer loop
      vertex 0.325281 -0.785298 -0.025
      vertex 0.785298 0.325281 -0.025
      vertex 0.785298 -0.325281 -0.025
    endloop
  endfacet
  facet normal 0 0 -1
    outer loop
      vertex 0.325281 -0.785298 -0.025
      vertex 0.325281 0.785298 -0.025
      vertex 0.785298 0.325281 -0.025
    endloop
  endfacet
  facet normal 0 0 -1
    outer loop
      vertex -0.325281 -0.785298 -0.025
      vertex 0.325281 0.785298 -0.025
      vertex 0.325281 -0.785298 -0.025
    endloop
  endfacet
  facet normal 0 0 -1
    outer loop
      vertex -0.325281 -0.785298 -0.025
      vertex -0.325281 0.785298 -0.025
      vertex 0.325281 0.785298 -0.025
    endloop
  endfacet
  facet normal 0 0 -1
    outer loop
      vertex -0.785298 -0.325281 -0.025
      vertex -0.325281 0.785298 -0.025
      vertex -0.325281 -0.785298 -0.025
    endloop
  endfacet
  facet normal 0 0 -1
    outer loop
      vertex -0.325281 0.785298 -0.025
      vertex -0.785298 -0.325281 -0.025
      vertex -0.785298 0.325281 -0.025
    endloop
  endfacet
  facet normal 0 0 1
    outer loop
      vertex 0.325281 0.785298 0.025
      vertex 0.785298 -0.325281 0.025
      vertex 0.785298 0.325281 0.025
    endloop
  endfacet
  facet normal 0 0 1
    outer loop
      vertex 0.325281 0.785298 0.025
      vertex 0.325281 -0.785298 0.025
      vertex 0.785298 -0.325281 0.025
    endloop
  endfacet
  facet normal -0 0 1
    outer loop
      vertex -0.325281 0.785298 0.025
      vertex 0.325281 -0.785298 0.025
      vertex 0.325281 0.785298 0.025
    endloop
  endfacet
  facet normal 0 0 1
    outer loop
      vertex -0.325281 0.785298 0.025
      vertex -0.325281 -0.785298 0.025
      vertex 0.325281 -0.785298 0.025
    endloop
  endfacet
  facet normal -0 0 1
    outer loop
      vertex -0.785298 0.325281 0.025
      vertex -0.325281 -0.785298 0.025
      vertex -0.325281 0.785298 0.025
    endloop
  endfacet
  facet normal 0 0 1
    outer loop
      vertex -0.325281 -0.785298 0.025
      vertex -0.785298 0.325281 0.025
      vertex -0.785298 -0.325281 0.025
    endloop
  endfacet
endsolid OpenSCAD_Model
