solid OpenSCAD_Model
  facet normal 0.707107 0.707107 0
    outer loop
      vertex 0.184776 0.0765367 0.015
      vertex 0.0765367 0.184776 -0.015
      vertex 0.0765367 0.184776 0.015
    endloop
  endfacet
  facet normal 0.707107 0.707107 0
    outer loop
      vertex 0.0765367 0.184776 -0.015
      vertex 0.184776 0.0765367 0.015
      vertex 0.184776 0.0765367 -0.015
    endloop
  endfacet
  facet normal 0 1 -0
    outer loop
      vertex 0.0765367 0.184776 -0.015
      vertex -0.0765367 0.184776 0.015
      vertex 0.0765367 0.184776 0.015
    endloop
  endfacet
  facet normal 0 1 0
    outer loop
      vertex -0.0765367 0.184776 0.015
      vertex 0.0765367 0.184776 -0.015
      vertex -0.0765367 0.184776 -0.015
    endloop
  endfacet
  facet normal -0.707107 0.707107 0
    outer loop
      vertex -0.184776 0.0765367 -0.015
      vertex -0.0765367 0.184776 0.015
      vertex -0.0765367 0.184776 -0.015
    endloop
  endfacet
  facet normal -0.707107 0.707107 0
    outer loop
      vertex -0.0765367 0.184776 0.015
      vertex -0.184776 0.0765367 -0.015
      vertex -0.184776 0.0765367 0.015
    endloop
  endfacet
  facet normal -1 0 0
    outer loop
      vertex -0.184776 -0.0765367 -0.015
      vertex -0.184776 0.0765367 0.015
      vertex -0.184776 0.0765367 -0.015
    endloop
  endfacet
  facet normal -1 -0 0
    outer loop
      vertex -0.184776 0.0765367 0.015
      vertex -0.184776 -0.0765367 -0.015
      vertex -0.184776 -0.0765367 0.015
    endloop
  endfacet
  facet normal -0.707107 -0.707107 0
    outer loop
      vertex -0.0765367 -0.184776 -0.015
      vertex -0.184776 -0.0765367 0.015
      vertex -0.184776 -0.0765367 -0.015
    endloop
  endfacet
  facet normal -0.707107 -0.707107 0
    outer loop
      vertex -0.184776 -0.0765367 0.015
      vertex -0.0765367 -0.184776 -0.015
      vertex -0.0765367 -0.184776 0.015
    endloop
  endfacet
  facet normal 0 -1 0
    outer loop
      vertex -0.0765367 -0.184776 -0.015
      vertex 0.0765367 -0.184776 0.015
      vertex -0.0765367 -0.184776 0.015
    endloop
  endfacet
  facet normal 0 -1 -0
    outer loop
      vertex 0.0765367 -0.184776 0.015
      vertex -0.0765367 -0.184776 -0.015
      vertex 0.0765367 -0.184776 -0.015
    endloop
  endfacet
  facet normal 0.707107 -0.707107 0
    outer loop
      vertex 0.0765367 -0.184776 0.015
      vertex 0.184776 -0.0765367 -0.015
      vertex 0.184776 -0.0765367 0.015
    endloop
  endfacet
  facet normal 0.707107 -0.707107 0
    outer loop
      vertex 0.184776 -0.0765367 -0.015
      vertex 0.0765367 -0.184776 0.015
      vertex 0.0765367 -0.184776 -0.015
    endloop
  endfacet
  facet normal 1 -0 0
    outer loop
      vertex 0.184776 -0.0765367 0.015
      vertex 0.184776 0.0765367 -0.015
      vertex 0.184776 0.0765367 0.015
    endloop
  endfacet
  facet normal 1 0 0
    outer loop
      vertex 0.184776 0.0765367 -0.015
      vertex 0.184776 -0.0765367 0.015
      vertex 0.184776 -0.0765367 -0.015
    endloop
  endfacet
  facet normal 0 0 -1
    outer loop
      vertex 0.0765367 -0.184776 -0.015
      vertex 0.184776 0.0765367 -0.015
      vertex 0.184776 -0.0765367 -0.015
    endloop
  endfacet
  facet normal 0 0 -1
    outer loop
      vertex 0.0765367 -0.184776 -0.015
      vertex 0.0765367 0.184776 -0.015
      vertex 0.184776 0.0765367 -0.015
    endloop
  endfacet
  facet normal 0 0 -1
    outer loop
      vertex -0.0765367 -0.184776 -0.015
      vertex 0.0765367 0.184776 -0.015
      vertex 0.0765367 -0.184776 -0.015
    endloop
  endfacet
  facet normal 0 0 -1
    outer loop
      vertex -0.0765367 -0.184776 -0.015
      vertex -0.0765367 0.184776 -0.015
      vertex 0.0765367 0.184776 -0.015
    endloop
  endfacet
  facet normal 0 0 -1
    outer loop
      vertex -0.184776 -0.0765367 -0.015
      vertex -0.0765367 0.184776 -0.015
      vertex -0.0765367 -0.184776 -0.015
    endloop
  endfacet
  facet normal 0 0 -1
    outer loop
      vertex -0.0765367 0.184776 -0.015
      vertex -0.184776 -0.0765367 -0.015
      vertex -0.184776 0.0765367 -0.015
    endloop
  endfacet
  facet normal 0 0 1
    outer loop
      vertex 0.0765367 0.184776 0.015
      vertex 0.184776 -0.0765367 0.015
      vertex 0.184776 0.0765367 0.015
    endloop
  endfacet
  facet normal 0 0 1
    outer loop
      vertex 0.0765367 0.184776 0.015
      vertex 0.0765367 -0.184776 0.015
      vertex 0.184776 -0.0765367 0.015
    endloop
  endfacet
  facet normal -0 0 1
    outer loop
      vertex -0.0765367 0.184776 0.015
      vertex 0.0765367 -0.184776 0.015
      vertex 0.0765367 0.184776 0.015
    endloop
  endfacet
  facet normal 0 0 1
    outer loop
      vertex -0.0765367 0.184776 0.015
      vertex -0.0765367 -0.184776 0.015
      vertex 0.0765367 -0.184776 0.015
    endloop
  endfacet
  facet normal -0 0 1
    outer loop
      vertex -0.184776 0.0765367 0.015
      vertex -0.0765367 -0.184776 0.015
      vertex -0.0765367 0.184776 0.015
    endloop
  endfacet
  facet normal 0 0 1
    outer loop
      vertex -0.0765367 -0.184776 0.015
      vertex -0.184776 0.0765367 0.015
      vertex -0.184776 -0.0765367 0.015
    endloop
  endfacet
endsolid OpenSCAD_Model
