solid OpenSCAD_Model
  facet normal -1 0 0
    outer loop
      vertex -0.424999 -0.299999 -0.0249996
      vertex -0.424999 0.424999 0.0249996
      vertex -0.424999 0.424999 -0.0249996
    endloop
  endfacet
  facet normal -1 -0 0
    outer loop
      vertex -0.424999 0.424999 0.0249996
      vertex -0.424999 -0.299999 -0.0249996
      vertex -0.424999 -0.299999 0.0249996
    endloop
  endfacet
  facet normal 0 0 1
    outer loop
      vertex 0.424999 0.424999 0.0249996
      vertex -0.2 -0.299999 0.0249996
      vertex 0.424999 -0.424999 0.0249996
    endloop
  endfacet
  facet normal -0 0 1
    outer loop
      vertex -0.424999 0.424999 0.0249996
      vertex -0.2 -0.299999 0.0249996
      vertex 0.424999 0.424999 0.0249996
    endloop
  endfacet
  facet normal 0 0 1
    outer loop
      vertex -0.2 -0.299999 0.0249996
      vertex -0.424999 0.424999 0.0249996
      vertex -0.424999 -0.299999 0.0249996
    endloop
  endfacet
  facet normal 0 0 1
    outer loop
      vertex 0.424999 -0.424999 0.0249996
      vertex -0.2 -0.299999 0.0249996
      vertex -0.2 -0.424999 0.0249996
    endloop
  endfacet
  facet normal 0 0 -1
    outer loop
      vertex -0.2 -0.299999 -0.0249996
      vertex 0.424999 -0.424999 -0.0249996
      vertex -0.2 -0.424999 -0.0249996
    endloop
  endfacet
  facet normal 0 0 -1
    outer loop
      vertex 0.424999 -0.424999 -0.0249996
      vertex -0.2 -0.299999 -0.0249996
      vertex 0.424999 0.424999 -0.0249996
    endloop
  endfacet
  facet normal 0 0 -1
    outer loop
      vertex -0.424999 0.424999 -0.0249996
      vertex -0.2 -0.299999 -0.0249996
      vertex -0.424999 -0.299999 -0.0249996
    endloop
  endfacet
  facet normal 0 0 -1
    outer loop
      vertex -0.2 -0.299999 -0.0249996
      vertex -0.424999 0.424999 -0.0249996
      vertex 0.424999 0.424999 -0.0249996
    endloop
  endfacet
  facet normal 1 -0 0
    outer loop
      vertex 0.424999 -0.424999 0.0249996
      vertex 0.424999 0.424999 -0.0249996
      vertex 0.424999 0.424999 0.0249996
    endloop
  endfacet
  facet normal 1 0 0
    outer loop
      vertex 0.424999 0.424999 -0.0249996
      vertex 0.424999 -0.424999 0.0249996
      vertex 0.424999 -0.424999 -0.0249996
    endloop
  endfacet
  facet normal 0 -1 0
    outer loop
      vertex -0.2 -0.424999 -0.0249996
      vertex 0.424999 -0.424999 0.0249996
      vertex -0.2 -0.424999 0.0249996
    endloop
  endfacet
  facet normal 0 -1 -0
    outer loop
      vertex 0.424999 -0.424999 0.0249996
      vertex -0.2 -0.424999 -0.0249996
      vertex 0.424999 -0.424999 -0.0249996
    endloop
  endfacet
  facet normal 0 1 -0
    outer loop
      vertex 0.424999 0.424999 -0.0249996
      vertex -0.424999 0.424999 0.0249996
      vertex 0.424999 0.424999 0.0249996
    endloop
  endfacet
  facet normal 0 1 0
    outer loop
      vertex -0.424999 0.424999 0.0249996
      vertex 0.424999 0.424999 -0.0249996
      vertex -0.424999 0.424999 -0.0249996
    endloop
  endfacet
  facet normal -1 0 0
    outer loop
      vertex -0.2 -0.424999 -0.0249996
      vertex -0.2 -0.299999 0.0249996
      vertex -0.2 -0.299999 -0.0249996
    endloop
  endfacet
  facet normal -1 -0 0
    outer loop
      vertex -0.2 -0.299999 0.0249996
      vertex -0.2 -0.424999 -0.0249996
      vertex -0.2 -0.424999 0.0249996
    endloop
  endfacet
  facet normal 0 -1 0
    outer loop
      vertex -0.424999 -0.299999 -0.0249996
      vertex -0.2 -0.299999 0.0249996
      vertex -0.424999 -0.299999 0.0249996
    endloop
  endfacet
  facet normal 0 -1 -0
    outer loop
      vertex -0.2 -0.299999 0.0249996
      vertex -0.424999 -0.299999 -0.0249996
      vertex -0.2 -0.299999 -0.0249996
    endloop
  endfacet
endsolid OpenSCAD_Model
