solid OpenSCAD_Model
  facet normal 0.980785 0.195089 0
    outer loop
      vertex 3.5 0 0.95
      vertex 3.23358 1.33939 0.85
      vertex 3.23358 1.33939 0.95
    endloop
  endfacet
  facet normal 0.980785 0.195089 0
    outer loop
      vertex 3.23358 1.33939 0.85
      vertex 3.5 0 0.95
      vertex 3.5 0 0.85
    endloop
  endfacet
  facet normal 0.831467 0.555574 0
    outer loop
      vertex 3.23358 1.33939 0.95
      vertex 2.47487 2.47487 0.85
      vertex 2.47487 2.47487 0.95
    endloop
  endfacet
  facet normal 0.831467 0.555574 0
    outer loop
      vertex 2.47487 2.47487 0.85
      vertex 3.23358 1.33939 0.95
      vertex 3.23358 1.33939 0.85
    endloop
  endfacet
  facet normal 0.555574 0.831467 -0
    outer loop
      vertex 2.47487 2.47487 0.85
      vertex 1.33939 3.23358 0.95
      vertex 2.47487 2.47487 0.95
    endloop
  endfacet
  facet normal 0.555574 0.831467 0
    outer loop
      vertex 1.33939 3.23358 0.95
      vertex 2.47487 2.47487 0.85
      vertex 1.33939 3.23358 0.85
    endloop
  endfacet
  facet normal 0.195089 0.980785 -0
    outer loop
      vertex 1.33939 3.23358 0.85
      vertex 0 3.5 0.95
      vertex 1.33939 3.23358 0.95
    endloop
  endfacet
  facet normal 0.195089 0.980785 0
    outer loop
      vertex 0 3.5 0.95
      vertex 1.33939 3.23358 0.85
      vertex 0 3.5 0.85
    endloop
  endfacet
  facet normal -0.195089 0.980785 0
    outer loop
      vertex 0 3.5 0.85
      vertex -1.33939 3.23358 0.95
      vertex 0 3.5 0.95
    endloop
  endfacet
  facet normal -0.195089 0.980785 0
    outer loop
      vertex -1.33939 3.23358 0.95
      vertex 0 3.5 0.85
      vertex -1.33939 3.23358 0.85
    endloop
  endfacet
  facet normal -0.555574 0.831467 0
    outer loop
      vertex -1.33939 3.23358 0.85
      vertex -2.47487 2.47487 0.95
      vertex -1.33939 3.23358 0.95
    endloop
  endfacet
  facet normal -0.555574 0.831467 0
    outer loop
      vertex -2.47487 2.47487 0.95
      vertex -1.33939 3.23358 0.85
      vertex -2.47487 2.47487 0.85
    endloop
  endfacet
  facet normal -0.831467 0.555574 0
    outer loop
      vertex -3.23358 1.33939 0.85
      vertex -2.47487 2.47487 0.95
      vertex -2.47487 2.47487 0.85
    endloop
  endfacet
  facet normal -0.831467 0.555574 0
    outer loop
      vertex -2.47487 2.47487 0.95
      vertex -3.23358 1.33939 0.85
      vertex -3.23358 1.33939 0.95
    endloop
  endfacet
  facet normal -0.980785 0.195089 0
    outer loop
      vertex -3.5 0 0.85
      vertex -3.23358 1.33939 0.95
      vertex -3.23358 1.33939 0.85
    endloop
  endfacet
  facet normal -0.980785 0.195089 0
    outer loop
      vertex -3.23358 1.33939 0.95
      vertex -3.5 0 0.85
      vertex -3.5 0 0.95
    endloop
  endfacet
  facet normal -0.980785 -0.195089 0
    outer loop
      vertex -3.23358 -1.33939 0.85
      vertex -3.5 0 0.95
      vertex -3.5 0 0.85
    endloop
  endfacet
  facet normal -0.980785 -0.195089 0
    outer loop
      vertex -3.5 0 0.95
      vertex -3.23358 -1.33939 0.85
      vertex -3.23358 -1.33939 0.95
    endloop
  endfacet
  facet normal -0.831467 -0.555574 0
    outer loop
      vertex -2.47487 -2.47487 0.85
      vertex -3.23358 -1.33939 0.95
      vertex -3.23358 -1.33939 0.85
    endloop
  endfacet
  facet normal -0.831467 -0.555574 0
    outer loop
      vertex -3.23358 -1.33939 0.95
      vertex -2.47487 -2.47487 0.85
      vertex -2.47487 -2.47487 0.95
    endloop
  endfacet
  facet normal -0.555574 -0.831467 0
    outer loop
      vertex -2.47487 -2.47487 0.85
      vertex -1.33939 -3.23358 0.95
      vertex -2.47487 -2.47487 0.95
    endloop
  endfacet
  facet normal -0.555574 -0.831467 -0
    outer loop
      vertex -1.33939 -3.23358 0.95
      vertex -2.47487 -2.47487 0.85
      vertex -1.33939 -3.23358 0.85
    endloop
  endfacet
  facet normal -0.195089 -0.980785 0
    outer loop
      vertex -1.33939 -3.23358 0.85
      vertex 0 -3.5 0.95
      vertex -1.33939 -3.23358 0.95
    endloop
  endfacet
  facet normal -0.195089 -0.980785 -0
    outer loop
      vertex 0 -3.5 0.95
      vertex -1.33939 -3.23358 0.85
      vertex 0 -3.5 0.85
    endloop
  endfacet
  facet normal 0.195089 -0.980785 0
    outer loop
      vertex 0 -3.5 0.85
      vertex 1.33939 -3.23358 0.95
      vertex 0 -3.5 0.95
    endloop
  endfacet
  facet normal 0.195089 -0.980785 0
    outer loop
      vertex 1.33939 -3.23358 0.95
      vertex 0 -3.5 0.85
      vertex 1.33939 -3.23358 0.85
    endloop
  endfacet
  facet normal 0.555574 -0.831467 0
    outer loop
      vertex 1.33939 -3.23358 0.85
      vertex 2.47487 -2.47487 0.95
      vertex 1.33939 -3.23358 0.95
    endloop
  endfacet
  facet normal 0.555574 -0.831467 0
    outer loop
      vertex 2.47487 -2.47487 0.95
      vertex 1.33939 -3.23358 0.85
      vertex 2.47487 -2.47487 0.85
    endloop
  endfacet
  facet normal 0.831467 -0.555574 0
    outer loop
      vertex 2.47487 -2.47487 0.95
      vertex 3.23358 -1.33939 0.85
      vertex 3.23358 -1.33939 0.95
    endloop
  endfacet
  facet normal 0.831467 -0.555574 0
    outer loop
      vertex 3.23358 -1.33939 0.85
      vertex 2.47487 -2.47487 0.95
      vertex 2.47487 -2.47487 0.85
    endloop
  endfacet
  facet normal 0.980785 -0.195089 0
    outer loop
      vertex 3.23358 -1.33939 0.95
      vertex 3.5 0 0.85
      vertex 3.5 0 0.95
    endloop
  endfacet
  facet normal 0.980785 -0.195089 0
    outer loop
      vertex 3.5 0 0.85
      vertex 3.23358 -1.33939 0.95
      vertex 3.23358 -1.33939 0.85
    endloop
  endfacet
  facet normal 0 0 -1
    outer loop
      vertex 3.23358 -1.33939 0.85
      vertex 3.23358 1.33939 0.85
      vertex 3.5 0 0.85
    endloop
  endfacet
  facet normal 0 0 -1
    outer loop
      vertex 2.47487 -2.47487 0.85
      vertex 3.23358 1.33939 0.85
      vertex 3.23358 -1.33939 0.85
    endloop
  endfacet
  facet normal 0 0 -1
    outer loop
      vertex 2.47487 -2.47487 0.85
      vertex 2.47487 2.47487 0.85
      vertex 3.23358 1.33939 0.85
    endloop
  endfacet
  facet normal 0 0 -1
    outer loop
      vertex 1.33939 -3.23358 0.85
      vertex 2.47487 2.47487 0.85
      vertex 2.47487 -2.47487 0.85
    endloop
  endfacet
  facet normal 0 0 -1
    outer loop
      vertex 1.33939 -3.23358 0.85
      vertex 1.33939 3.23358 0.85
      vertex 2.47487 2.47487 0.85
    endloop
  endfacet
  facet normal 0 0 -1
    outer loop
      vertex 0 -3.5 0.85
      vertex 1.33939 3.23358 0.85
      vertex 1.33939 -3.23358 0.85
    endloop
  endfacet
  facet normal 0 0 -1
    outer loop
      vertex 0 -3.5 0.85
      vertex 0 3.5 0.85
      vertex 1.33939 3.23358 0.85
    endloop
  endfacet
  facet normal 0 0 -1
    outer loop
      vertex -1.33939 -3.23358 0.85
      vertex 0 3.5 0.85
      vertex 0 -3.5 0.85
    endloop
  endfacet
  facet normal 0 0 -1
    outer loop
      vertex -1.33939 -3.23358 0.85
      vertex -1.33939 3.23358 0.85
      vertex 0 3.5 0.85
    endloop
  endfacet
  facet normal 0 0 -1
    outer loop
      vertex -2.47487 -2.47487 0.85
      vertex -1.33939 3.23358 0.85
      vertex -1.33939 -3.23358 0.85
    endloop
  endfacet
  facet normal 0 0 -1
    outer loop
      vertex -2.47487 -2.47487 0.85
      vertex -2.47487 2.47487 0.85
      vertex -1.33939 3.23358 0.85
    endloop
  endfacet
  facet normal 0 0 -1
    outer loop
      vertex -3.23358 -1.33939 0.85
      vertex -2.47487 2.47487 0.85
      vertex -2.47487 -2.47487 0.85
    endloop
  endfacet
  facet normal 0 0 -1
    outer loop
      vertex -3.23358 -1.33939 0.85
      vertex -3.23358 1.33939 0.85
      vertex -2.47487 2.47487 0.85
    endloop
  endfacet
  facet normal 0 -0 -1
    outer loop
      vertex -3.23358 1.33939 0.85
      vertex -3.23358 -1.33939 0.85
      vertex -3.5 0 0.85
    endloop
  endfacet
  facet normal 0 0 1
    outer loop
      vertex 3.23358 1.33939 0.95
      vertex 3.23358 -1.33939 0.95
      vertex 3.5 0 0.95
    endloop
  endfacet
  facet normal 0 0 1
    outer loop
      vertex 2.47487 2.47487 0.95
      vertex 3.23358 -1.33939 0.95
      vertex 3.23358 1.33939 0.95
    endloop
  endfacet
  facet normal 0 0 1
    outer loop
      vertex 2.47487 2.47487 0.95
      vertex 2.47487 -2.47487 0.95
      vertex 3.23358 -1.33939 0.95
    endloop
  endfacet
  facet normal 0 0 1
    outer loop
      vertex 1.33939 3.23358 0.95
      vertex 2.47487 -2.47487 0.95
      vertex 2.47487 2.47487 0.95
    endloop
  endfacet
  facet normal 0 0 1
    outer loop
      vertex 1.33939 3.23358 0.95
      vertex 1.33939 -3.23358 0.95
      vertex 2.47487 -2.47487 0.95
    endloop
  endfacet
  facet normal 0 0 1
    outer loop
      vertex 0 3.5 0.95
      vertex 1.33939 -3.23358 0.95
      vertex 1.33939 3.23358 0.95
    endloop
  endfacet
  facet normal 0 0 1
    outer loop
      vertex 0 3.5 0.95
      vertex 0 -3.5 0.95
      vertex 1.33939 -3.23358 0.95
    endloop
  endfacet
  facet normal -0 0 1
    outer loop
      vertex -1.33939 3.23358 0.95
      vertex 0 -3.5 0.95
      vertex 0 3.5 0.95
    endloop
  endfacet
  facet normal 0 0 1
    outer loop
      vertex -1.33939 3.23358 0.95
      vertex -1.33939 -3.23358 0.95
      vertex 0 -3.5 0.95
    endloop
  endfacet
  facet normal -0 0 1
    outer loop
      vertex -2.47487 2.47487 0.95
      vertex -1.33939 -3.23358 0.95
      vertex -1.33939 3.23358 0.95
    endloop
  endfacet
  facet normal 0 0 1
    outer loop
      vertex -2.47487 2.47487 0.95
      vertex -2.47487 -2.47487 0.95
      vertex -1.33939 -3.23358 0.95
    endloop
  endfacet
  facet normal -0 0 1
    outer loop
      vertex -3.23358 1.33939 0.95
      vertex -2.47487 -2.47487 0.95
      vertex -2.47487 2.47487 0.95
    endloop
  endfacet
  facet normal 0 0 1
    outer loop
      vertex -3.23358 1.33939 0.95
      vertex -3.23358 -1.33939 0.95
      vertex -2.47487 -2.47487 0.95
    endloop
  endfacet
  facet normal 0 -0 1
    outer loop
      vertex -3.23358 -1.33939 0.95
      vertex -3.23358 1.33939 0.95
      vertex -3.5 0 0.95
    endloop
  endfacet
endsolid OpenSCAD_Model
