solid OpenSCAD_Model
  facet normal 0.980786 0.195089 0
    outer loop
      vertex 0.25 0 0.25
      vertex 0.23097 0.0956709 -0.25
      vertex 0.23097 0.0956709 0.25
    endloop
  endfacet
  facet normal 0.980786 0.195089 0
    outer loop
      vertex 0.23097 0.0956709 -0.25
      vertex 0.25 0 0.25
      vertex 0.25 0 -0.25
    endloop
  endfacet
  facet normal 0.831471 0.555568 0
    outer loop
      vertex 0.23097 0.0956709 0.25
      vertex 0.176777 0.176777 -0.25
      vertex 0.176777 0.176777 0.25
    endloop
  endfacet
  facet normal 0.831471 0.555568 0
    outer loop
      vertex 0.176777 0.176777 -0.25
      vertex 0.23097 0.0956709 0.25
      vertex 0.23097 0.0956709 -0.25
    endloop
  endfacet
  facet normal 0.555568 0.831471 -0
    outer loop
      vertex 0.176777 0.176777 -0.25
      vertex 0.0956709 0.23097 0.25
      vertex 0.176777 0.176777 0.25
    endloop
  endfacet
  facet normal 0.555568 0.831471 0
    outer loop
      vertex 0.0956709 0.23097 0.25
      vertex 0.176777 0.176777 -0.25
      vertex 0.0956709 0.23097 -0.25
    endloop
  endfacet
  facet normal 0.195089 0.980786 -0
    outer loop
      vertex 0.0956709 0.23097 -0.25
      vertex 0 0.25 0.25
      vertex 0.0956709 0.23097 0.25
    endloop
  endfacet
  facet normal 0.195089 0.980786 0
    outer loop
      vertex 0 0.25 0.25
      vertex 0.0956709 0.23097 -0.25
      vertex 0 0.25 -0.25
    endloop
  endfacet
  facet normal -0.195089 0.980786 0
    outer loop
      vertex 0 0.25 -0.25
      vertex -0.0956709 0.23097 0.25
      vertex 0 0.25 0.25
    endloop
  endfacet
  facet normal -0.195089 0.980786 0
    outer loop
      vertex -0.0956709 0.23097 0.25
      vertex 0 0.25 -0.25
      vertex -0.0956709 0.23097 -0.25
    endloop
  endfacet
  facet normal -0.555568 0.831471 0
    outer loop
      vertex -0.0956709 0.23097 -0.25
      vertex -0.176777 0.176777 0.25
      vertex -0.0956709 0.23097 0.25
    endloop
  endfacet
  facet normal -0.555568 0.831471 0
    outer loop
      vertex -0.176777 0.176777 0.25
      vertex -0.0956709 0.23097 -0.25
      vertex -0.176777 0.176777 -0.25
    endloop
  endfacet
  facet normal -0.831471 0.555568 0
    outer loop
      vertex -0.23097 0.0956709 -0.25
      vertex -0.176777 0.176777 0.25
      vertex -0.176777 0.176777 -0.25
    endloop
  endfacet
  facet normal -0.831471 0.555568 0
    outer loop
      vertex -0.176777 0.176777 0.25
      vertex -0.23097 0.0956709 -0.25
      vertex -0.23097 0.0956709 0.25
    endloop
  endfacet
  facet normal -0.980786 0.195089 0
    outer loop
      vertex -0.25 -0 -0.25
      vertex -0.23097 0.0956709 0.25
      vertex -0.23097 0.0956709 -0.25
    endloop
  endfacet
  facet normal -0.980786 0.195089 0
    outer loop
      vertex -0.23097 0.0956709 0.25
      vertex -0.25 -0 -0.25
      vertex -0.25 -0 0.25
    endloop
  endfacet
  facet normal -0.980786 -0.195089 0
    outer loop
      vertex -0.23097 -0.0956709 -0.25
      vertex -0.25 -0 0.25
      vertex -0.25 -0 -0.25
    endloop
  endfacet
  facet normal -0.980786 -0.195089 0
    outer loop
      vertex -0.25 -0 0.25
      vertex -0.23097 -0.0956709 -0.25
      vertex -0.23097 -0.0956709 0.25
    endloop
  endfacet
  facet normal -0.831471 -0.555568 0
    outer loop
      vertex -0.176777 -0.176777 -0.25
      vertex -0.23097 -0.0956709 0.25
      vertex -0.23097 -0.0956709 -0.25
    endloop
  endfacet
  facet normal -0.831471 -0.555568 0
    outer loop
      vertex -0.23097 -0.0956709 0.25
      vertex -0.176777 -0.176777 -0.25
      vertex -0.176777 -0.176777 0.25
    endloop
  endfacet
  facet normal -0.555568 -0.831471 0
    outer loop
      vertex -0.176777 -0.176777 -0.25
      vertex -0.0956709 -0.23097 0.25
      vertex -0.176777 -0.176777 0.25
    endloop
  endfacet
  facet normal -0.555568 -0.831471 -0
    outer loop
      vertex -0.0956709 -0.23097 0.25
      vertex -0.176777 -0.176777 -0.25
      vertex -0.0956709 -0.23097 -0.25
    endloop
  endfacet
  facet normal -0.195089 -0.980786 0
    outer loop
      vertex -0.0956709 -0.23097 -0.25
      vertex -0 -0.25 0.25
      vertex -0.0956709 -0.23097 0.25
    endloop
  endfacet
  facet normal -0.195089 -0.980786 -0
    outer loop
      vertex -0 -0.25 0.25
      vertex -0.0956709 -0.23097 -0.25
      vertex -0 -0.25 -0.25
    endloop
  endfacet
  facet normal 0.195089 -0.980786 0
    outer loop
      vertex -0 -0.25 -0.25
      vertex 0.0956709 -0.23097 0.25
      vertex -0 -0.25 0.25
    endloop
  endfacet
  facet normal 0.195089 -0.980786 0
    outer loop
      vertex 0.0956709 -0.23097 0.25
      vertex -0 -0.25 -0.25
      vertex 0.0956709 -0.23097 -0.25
    endloop
  endfacet
  facet normal 0.555568 -0.831471 0
    outer loop
      vertex 0.0956709 -0.23097 -0.25
      vertex 0.176777 -0.176777 0.25
      vertex 0.0956709 -0.23097 0.25
    endloop
  endfacet
  facet normal 0.555568 -0.831471 0
    outer loop
      vertex 0.176777 -0.176777 0.25
      vertex 0.0956709 -0.23097 -0.25
      vertex 0.176777 -0.176777 -0.25
    endloop
  endfacet
  facet normal 0.831471 -0.555568 0
    outer loop
      vertex 0.176777 -0.176777 0.25
      vertex 0.23097 -0.0956709 -0.25
      vertex 0.23097 -0.0956709 0.25
    endloop
  endfacet
  facet normal 0.831471 -0.555568 0
    outer loop
      vertex 0.23097 -0.0956709 -0.25
      vertex 0.176777 -0.176777 0.25
      vertex 0.176777 -0.176777 -0.25
    endloop
  endfacet
  facet normal 0.980786 -0.195089 0
    outer loop
      vertex 0.23097 -0.0956709 0.25
      vertex 0.25 0 -0.25
      vertex 0.25 0 0.25
    endloop
  endfacet
  facet normal 0.980786 -0.195089 0
    outer loop
      vertex 0.25 0 -0.25
      vertex 0.23097 -0.0956709 0.25
      vertex 0.23097 -0.0956709 -0.25
    endloop
  endfacet
  facet normal 0 0 -1
    outer loop
      vertex 0.23097 -0.0956709 -0.25
      vertex 0.23097 0.0956709 -0.25
      vertex 0.25 0 -0.25
    endloop
  endfacet
  facet normal 0 0 -1
    outer loop
      vertex 0.176777 -0.176777 -0.25
      vertex 0.23097 0.0956709 -0.25
      vertex 0.23097 -0.0956709 -0.25
    endloop
  endfacet
  facet normal 0 0 -1
    outer loop
      vertex 0.176777 -0.176777 -0.25
      vertex 0.176777 0.176777 -0.25
      vertex 0.23097 0.0956709 -0.25
    endloop
  endfacet
  facet normal 0 0 -1
    outer loop
      vertex 0.0956709 -0.23097 -0.25
      vertex 0.176777 0.176777 -0.25
      vertex 0.176777 -0.176777 -0.25
    endloop
  endfacet
  facet normal 0 0 -1
    outer loop
      vertex 0.0956709 -0.23097 -0.25
      vertex 0.0956709 0.23097 -0.25
      vertex 0.176777 0.176777 -0.25
    endloop
  endfacet
  facet normal 0 0 -1
    outer loop
      vertex -0 -0.25 -0.25
      vertex 0.0956709 0.23097 -0.25
      vertex 0.0956709 -0.23097 -0.25
    endloop
  endfacet
  facet normal 0 0 -1
    outer loop
      vertex -0 -0.25 -0.25
      vertex 0 0.25 -0.25
      vertex 0.0956709 0.23097 -0.25
    endloop
  endfacet
  facet normal 0 0 -1
    outer loop
      vertex -0.0956709 -0.23097 -0.25
      vertex 0 0.25 -0.25
      vertex -0 -0.25 -0.25
    endloop
  endfacet
  facet normal 0 0 -1
    outer loop
      vertex -0.0956709 -0.23097 -0.25
      vertex -0.0956709 0.23097 -0.25
      vertex 0 0.25 -0.25
    endloop
  endfacet
  facet normal 0 0 -1
    outer loop
      vertex -0.176777 -0.176777 -0.25
      vertex -0.0956709 0.23097 -0.25
      vertex -0.0956709 -0.23097 -0.25
    endloop
  endfacet
  facet normal 0 0 -1
    outer loop
      vertex -0.176777 -0.176777 -0.25
      vertex -0.176777 0.176777 -0.25
      vertex -0.0956709 0.23097 -0.25
    endloop
  endfacet
  facet normal 0 0 -1
    outer loop
      vertex -0.23097 -0.0956709 -0.25
      vertex -0.176777 0.176777 -0.25
      vertex -0.176777 -0.176777 -0.25
    endloop
  endfacet
  facet normal 0 0 -1
    outer loop
      vertex -0.23097 -0.0956709 -0.25
      vertex -0.23097 0.0956709 -0.25
      vertex -0.176777 0.176777 -0.25
    endloop
  endfacet
  facet normal 0 -0 -1
    outer loop
      vertex -0.23097 0.0956709 -0.25
      vertex -0.23097 -0.0956709 -0.25
      vertex -0.25 -0 -0.25
    endloop
  endfacet
  facet normal 0 0 1
    outer loop
      vertex 0.23097 0.0956709 0.25
      vertex 0.23097 -0.0956709 0.25
      vertex 0.25 0 0.25
    endloop
  endfacet
  facet normal 0 0 1
    outer loop
      vertex 0.176777 0.176777 0.25
      vertex 0.23097 -0.0956709 0.25
      vertex 0.23097 0.0956709 0.25
    endloop
  endfacet
  facet normal 0 0 1
    outer loop
      vertex 0.176777 0.176777 0.25
      vertex 0.176777 -0.176777 0.25
      vertex 0.23097 -0.0956709 0.25
    endloop
  endfacet
  facet normal 0 0 1
    outer loop
      vertex 0.0956709 0.23097 0.25
      vertex 0.176777 -0.176777 0.25
      vertex 0.176777 0.176777 0.25
    endloop
  endfacet
  facet normal 0 0 1
    outer loop
      vertex 0.0956709 0.23097 0.25
      vertex 0.0956709 -0.23097 0.25
      vertex 0.176777 -0.176777 0.25
    endloop
  endfacet
  facet normal 0 0 1
    outer loop
      vertex 0 0.25 0.25
      vertex 0.0956709 -0.23097 0.25
      vertex 0.0956709 0.23097 0.25
    endloop
  endfacet
  facet normal 0 0 1
    outer loop
      vertex 0 0.25 0.25
      vertex -0 -0.25 0.25
      vertex 0.0956709 -0.23097 0.25
    endloop
  endfacet
  facet normal -0 0 1
    outer loop
      vertex -0.0956709 0.23097 0.25
      vertex -0 -0.25 0.25
      vertex 0 0.25 0.25
    endloop
  endfacet
  facet normal 0 0 1
    outer loop
      vertex -0.0956709 0.23097 0.25
      vertex -0.0956709 -0.23097 0.25
      vertex -0 -0.25 0.25
    endloop
  endfacet
  facet normal -0 0 1
    outer loop
      vertex -0.176777 0.176777 0.25
      vertex -0.0956709 -0.23097 0.25
      vertex -0.0956709 0.23097 0.25
    endloop
  endfacet
  facet normal 0 0 1
    outer loop
      vertex -0.176777 0.176777 0.25
      vertex -0.176777 -0.176777 0.25
      vertex -0.0956709 -0.23097 0.25
    endloop
  endfacet
  facet normal -0 0 1
    outer loop
      vertex -0.23097 0.0956709 0.25
      vertex -0.176777 -0.176777 0.25
      vertex -0.176777 0.176777 0.25
    endloop
  endfacet
  facet normal 0 0 1
    outer loop
      vertex -0.23097 0.0956709 0.25
      vertex -0.23097 -0.0956709 0.25
      vertex -0.176777 -0.176777 0.25
    endloop
  endfacet
  facet normal 0 -0 1
    outer loop
      vertex -0.23097 -0.0956709 0.25
      vertex -0.23097 0.0956709 0.25
      vertex -0.25 -0 0.25
    endloop
  endfacet
endsolid OpenSCAD_Model
