solid OpenSCAD_Model
  facet normal 0.707107 0.707107 0
    outer loop
      vertex 3.69552 1.53073 3
      vertex 1.53073 3.69552 2.5
      vertex 1.53073 3.69552 3
    endloop
  endfacet
  facet normal 0.707107 0.707107 0
    outer loop
      vertex 1.53073 3.69552 2.5
      vertex 3.69552 1.53073 3
      vertex 3.69552 1.53073 2.5
    endloop
  endfacet
  facet normal 0 1 -0
    outer loop
      vertex 1.53073 3.69552 2.5
      vertex -1.53073 3.69552 3
      vertex 1.53073 3.69552 3
    endloop
  endfacet
  facet normal 0 1 0
    outer loop
      vertex -1.53073 3.69552 3
      vertex 1.53073 3.69552 2.5
      vertex -1.53073 3.69552 2.5
    endloop
  endfacet
  facet normal -0.707107 0.707107 0
    outer loop
      vertex -3.69552 1.53073 2.5
      vertex -1.53073 3.69552 3
      vertex -1.53073 3.69552 2.5
    endloop
  endfacet
  facet normal -0.707107 0.707107 0
    outer loop
      vertex -1.53073 3.69552 3
      vertex -3.69552 1.53073 2.5
      vertex -3.69552 1.53073 3
    endloop
  endfacet
  facet normal -1 0 0
    outer loop
      vertex -3.69552 -1.53073 2.5
      vertex -3.69552 1.53073 3
      vertex -3.69552 1.53073 2.5
    endloop
  endfacet
  facet normal -1 -0 0
    outer loop
      vertex -3.69552 1.53073 3
      vertex -3.69552 -1.53073 2.5
      vertex -3.69552 -1.53073 3
    endloop
  endfacet
  facet normal -0.707107 -0.707107 0
    outer loop
      vertex -1.53073 -3.69552 2.5
      vertex -3.69552 -1.53073 3
      vertex -3.69552 -1.53073 2.5
    endloop
  endfacet
  facet normal -0.707107 -0.707107 0
    outer loop
      vertex -3.69552 -1.53073 3
      vertex -1.53073 -3.69552 2.5
      vertex -1.53073 -3.69552 3
    endloop
  endfacet
  facet normal 0 -1 0
    outer loop
      vertex -1.53073 -3.69552 2.5
      vertex 1.53073 -3.69552 3
      vertex -1.53073 -3.69552 3
    endloop
  endfacet
  facet normal 0 -1 -0
    outer loop
      vertex 1.53073 -3.69552 3
      vertex -1.53073 -3.69552 2.5
      vertex 1.53073 -3.69552 2.5
    endloop
  endfacet
  facet normal 0.707107 -0.707107 0
    outer loop
      vertex 1.53073 -3.69552 3
      vertex 3.69552 -1.53073 2.5
      vertex 3.69552 -1.53073 3
    endloop
  endfacet
  facet normal 0.707107 -0.707107 0
    outer loop
      vertex 3.69552 -1.53073 2.5
      vertex 1.53073 -3.69552 3
      vertex 1.53073 -3.69552 2.5
    endloop
  endfacet
  facet normal 1 -0 0
    outer loop
      vertex 3.69552 -1.53073 3
      vertex 3.69552 1.53073 2.5
      vertex 3.69552 1.53073 3
    endloop
  endfacet
  facet normal 1 0 0
    outer loop
      vertex 3.69552 1.53073 2.5
      vertex 3.69552 -1.53073 3
      vertex 3.69552 -1.53073 2.5
    endloop
  endfacet
  facet normal 0 0 -1
    outer loop
      vertex 1.53073 -3.69552 2.5
      vertex 3.69552 1.53073 2.5
      vertex 3.69552 -1.53073 2.5
    endloop
  endfacet
  facet normal 0 0 -1
    outer loop
      vertex 1.53073 -3.69552 2.5
      vertex 1.53073 3.69552 2.5
      vertex 3.69552 1.53073 2.5
    endloop
  endfacet
  facet normal 0 0 -1
    outer loop
      vertex -1.53073 -3.69552 2.5
      vertex 1.53073 3.69552 2.5
      vertex 1.53073 -3.69552 2.5
    endloop
  endfacet
  facet normal 0 0 -1
    outer loop
      vertex -1.53073 -3.69552 2.5
      vertex -1.53073 3.69552 2.5
      vertex 1.53073 3.69552 2.5
    endloop
  endfacet
  facet normal 0 0 -1
    outer loop
      vertex -3.69552 -1.53073 2.5
      vertex -1.53073 3.69552 2.5
      vertex -1.53073 -3.69552 2.5
    endloop
  endfacet
  facet normal 0 0 -1
    outer loop
      vertex -1.53073 3.69552 2.5
      vertex -3.69552 -1.53073 2.5
      vertex -3.69552 1.53073 2.5
    endloop
  endfacet
  facet normal 0 0 1
    outer loop
      vertex 1.53073 3.69552 3
      vertex 3.69552 -1.53073 3
      vertex 3.69552 1.53073 3
    endloop
  endfacet
  facet normal 0 0 1
    outer loop
      vertex 1.53073 3.69552 3
      vertex 1.53073 -3.69552 3
      vertex 3.69552 -1.53073 3
    endloop
  endfacet
  facet normal -0 0 1
    outer loop
      vertex -1.53073 3.69552 3
      vertex 1.53073 -3.69552 3
      vertex 1.53073 3.69552 3
    endloop
  endfacet
  facet normal 0 0 1
    outer loop
      vertex -1.53073 3.69552 3
      vertex -1.53073 -3.69552 3
      vertex 1.53073 -3.69552 3
    endloop
  endfacet
  facet normal -0 0 1
    outer loop
      vertex -3.69552 1.53073 3
      vertex -1.53073 -3.69552 3
      vertex -1.53073 3.69552 3
    endloop
  endfacet
  facet normal 0 0 1
    outer loop
      vertex -1.53073 -3.69552 3
      vertex -3.69552 1.53073 3
      vertex -3.69552 -1.53073 3
    endloop
  endfacet
endsolid OpenSCAD_Model
