solid OpenSCAD_Model
  facet normal 0.923879 -0 0.382685
    outer loop
      vertex 0.353553 -2.05 0.353553
      vertex 0.5 2.05 0
      vertex 0.353553 2.05 0.353553
    endloop
  endfacet
  facet normal 0.923879 0 0.382685
    outer loop
      vertex 0.5 2.05 0
      vertex 0.353553 -2.05 0.353553
      vertex 0.5 -2.05 0
    endloop
  endfacet
  facet normal 0.382685 0 0.923879
    outer loop
      vertex 0 2.05 0.5
      vertex 0.353553 -2.05 0.353553
      vertex 0.353553 2.05 0.353553
    endloop
  endfacet
  facet normal 0.382685 0 0.923879
    outer loop
      vertex 0.353553 -2.05 0.353553
      vertex 0 2.05 0.5
      vertex 0 -2.05 0.5
    endloop
  endfacet
  facet normal -0.382685 0 0.923879
    outer loop
      vertex -0.353553 2.05 0.353553
      vertex 0 -2.05 0.5
      vertex 0 2.05 0.5
    endloop
  endfacet
  facet normal -0.382685 0 0.923879
    outer loop
      vertex 0 -2.05 0.5
      vertex -0.353553 2.05 0.353553
      vertex -0.353553 -2.05 0.353553
    endloop
  endfacet
  facet normal -0.923879 0 0.382685
    outer loop
      vertex -0.5 -2.05 0
      vertex -0.353553 2.05 0.353553
      vertex -0.5 2.05 0
    endloop
  endfacet
  facet normal -0.923879 0 0.382685
    outer loop
      vertex -0.353553 2.05 0.353553
      vertex -0.5 -2.05 0
      vertex -0.353553 -2.05 0.353553
    endloop
  endfacet
  facet normal -0.923879 0 -0.382685
    outer loop
      vertex -0.353553 -2.05 -0.353553
      vertex -0.5 2.05 0
      vertex -0.353553 2.05 -0.353553
    endloop
  endfacet
  facet normal -0.923879 -0 -0.382685
    outer loop
      vertex -0.5 2.05 0
      vertex -0.353553 -2.05 -0.353553
      vertex -0.5 -2.05 0
    endloop
  endfacet
  facet normal -0.382685 0 -0.923879
    outer loop
      vertex -0.353553 -2.05 -0.353553
      vertex 0 2.05 -0.5
      vertex 0 -2.05 -0.5
    endloop
  endfacet
  facet normal -0.382685 0 -0.923879
    outer loop
      vertex 0 2.05 -0.5
      vertex -0.353553 -2.05 -0.353553
      vertex -0.353553 2.05 -0.353553
    endloop
  endfacet
  facet normal 0.382685 0 -0.923879
    outer loop
      vertex 0 -2.05 -0.5
      vertex 0.353553 2.05 -0.353553
      vertex 0.353553 -2.05 -0.353553
    endloop
  endfacet
  facet normal 0.382685 0 -0.923879
    outer loop
      vertex 0.353553 2.05 -0.353553
      vertex 0 -2.05 -0.5
      vertex 0 2.05 -0.5
    endloop
  endfacet
  facet normal 0.923879 0 -0.382685
    outer loop
      vertex 0.5 -2.05 0
      vertex 0.353553 2.05 -0.353553
      vertex 0.5 2.05 0
    endloop
  endfacet
  facet normal 0.923879 0 -0.382685
    outer loop
      vertex 0.353553 2.05 -0.353553
      vertex 0.5 -2.05 0
      vertex 0.353553 -2.05 -0.353553
    endloop
  endfacet
  facet normal 0 1 0
    outer loop
      vertex 0.353553 2.05 0.353553
      vertex -0.353553 2.05 0.353553
      vertex 0 2.05 0.5
    endloop
  endfacet
  facet normal 0 1 0
    outer loop
      vertex 0.5 2.05 0
      vertex -0.353553 2.05 0.353553
      vertex 0.353553 2.05 0.353553
    endloop
  endfacet
  facet normal 0 1 0
    outer loop
      vertex 0.5 2.05 0
      vertex -0.5 2.05 0
      vertex -0.353553 2.05 0.353553
    endloop
  endfacet
  facet normal 0 1 -0
    outer loop
      vertex 0.353553 2.05 -0.353553
      vertex -0.5 2.05 0
      vertex 0.5 2.05 0
    endloop
  endfacet
  facet normal 0 1 0
    outer loop
      vertex 0.353553 2.05 -0.353553
      vertex -0.353553 2.05 -0.353553
      vertex -0.5 2.05 0
    endloop
  endfacet
  facet normal -0 1 0
    outer loop
      vertex -0.353553 2.05 -0.353553
      vertex 0.353553 2.05 -0.353553
      vertex 0 2.05 -0.5
    endloop
  endfacet
  facet normal 0 -1 0
    outer loop
      vertex -0.353553 -2.05 0.353553
      vertex 0.353553 -2.05 0.353553
      vertex 0 -2.05 0.5
    endloop
  endfacet
  facet normal 0 -1 0
    outer loop
      vertex -0.5 -2.05 0
      vertex 0.353553 -2.05 0.353553
      vertex -0.353553 -2.05 0.353553
    endloop
  endfacet
  facet normal 0 -1 0
    outer loop
      vertex -0.5 -2.05 0
      vertex 0.5 -2.05 0
      vertex 0.353553 -2.05 0.353553
    endloop
  endfacet
  facet normal 0 -1 0
    outer loop
      vertex -0.353553 -2.05 -0.353553
      vertex 0.5 -2.05 0
      vertex -0.5 -2.05 0
    endloop
  endfacet
  facet normal 0 -1 0
    outer loop
      vertex -0.353553 -2.05 -0.353553
      vertex 0.353553 -2.05 -0.353553
      vertex 0.5 -2.05 0
    endloop
  endfacet
  facet normal -0 -1 0
    outer loop
      vertex 0.353553 -2.05 -0.353553
      vertex -0.353553 -2.05 -0.353553
      vertex 0 -2.05 -0.5
    endloop
  endfacet
endsolid OpenSCAD_Model
