solid OpenSCAD_Model
  facet normal 1 -0 0
    outer loop
      vertex 0.315 -0.275 0.149999
      vertex 0.315 0.275 0.0500008
      vertex 0.315 0.275 0.149999
    endloop
  endfacet
  facet normal 1 0 0
    outer loop
      vertex 0.315 0.275 0.0500008
      vertex 0.315 -0.275 0.149999
      vertex 0.315 -0.275 0.0500008
    endloop
  endfacet
  facet normal -0 0 1
    outer loop
      vertex -0.315 0.275 0.149999
      vertex -0.275 -0.275 0.149999
      vertex -0.275 0.275 0.149999
    endloop
  endfacet
  facet normal 0 0 1
    outer loop
      vertex -0.275 -0.275 0.149999
      vertex -0.315 0.275 0.149999
      vertex -0.315 -0.275 0.149999
    endloop
  endfacet
  facet normal 0 0 1
    outer loop
      vertex -0.275 0.275 0.149999
      vertex 0.275 0.275 0.149999
      vertex 0.275 0.315 0.149999
    endloop
  endfacet
  facet normal 0 0 1
    outer loop
      vertex 0.275 0.275 0.149999
      vertex -0.275 0.275 0.149999
      vertex 0.275 -0.275 0.149999
    endloop
  endfacet
  facet normal 0 0 1
    outer loop
      vertex -0.275 0.275 0.149999
      vertex 0.275 0.315 0.149999
      vertex -0.275 0.315 0.149999
    endloop
  endfacet
  facet normal 0 0 1
    outer loop
      vertex -0.275 -0.275 0.149999
      vertex 0.275 -0.275 0.149999
      vertex -0.275 0.275 0.149999
    endloop
  endfacet
  facet normal 0 0 1
    outer loop
      vertex 0.275 -0.275 0.149999
      vertex -0.275 -0.275 0.149999
      vertex 0.275 -0.315 0.149999
    endloop
  endfacet
  facet normal 0 0 1
    outer loop
      vertex 0.275 -0.315 0.149999
      vertex -0.275 -0.275 0.149999
      vertex -0.275 -0.315 0.149999
    endloop
  endfacet
  facet normal -0 0 1
    outer loop
      vertex 0.275 0.275 0.149999
      vertex 0.315 -0.275 0.149999
      vertex 0.315 0.275 0.149999
    endloop
  endfacet
  facet normal 0 0 1
    outer loop
      vertex 0.315 -0.275 0.149999
      vertex 0.275 0.275 0.149999
      vertex 0.275 -0.275 0.149999
    endloop
  endfacet
  facet normal 0 0 -1
    outer loop
      vertex -0.315 -0.275 0.0500008
      vertex -0.275 0.275 0.0500008
      vertex -0.275 -0.275 0.0500008
    endloop
  endfacet
  facet normal -0 0 -1
    outer loop
      vertex -0.275 0.275 0.0500008
      vertex -0.315 -0.275 0.0500008
      vertex -0.315 0.275 0.0500008
    endloop
  endfacet
  facet normal 0 0 -1
    outer loop
      vertex -0.275 -0.275 0.0500008
      vertex 0.275 -0.275 0.0500008
      vertex 0.275 -0.315 0.0500008
    endloop
  endfacet
  facet normal 0 0 -1
    outer loop
      vertex 0.275 -0.275 0.0500008
      vertex -0.275 -0.275 0.0500008
      vertex 0.275 0.275 0.0500008
    endloop
  endfacet
  facet normal 0 0 -1
    outer loop
      vertex -0.275 -0.275 0.0500008
      vertex 0.275 -0.315 0.0500008
      vertex -0.275 -0.315 0.0500008
    endloop
  endfacet
  facet normal 0 0 -1
    outer loop
      vertex -0.275 0.275 0.0500008
      vertex 0.275 0.275 0.0500008
      vertex -0.275 -0.275 0.0500008
    endloop
  endfacet
  facet normal 0 0 -1
    outer loop
      vertex 0.275 0.275 0.0500008
      vertex -0.275 0.275 0.0500008
      vertex 0.275 0.315 0.0500008
    endloop
  endfacet
  facet normal -0 0 -1
    outer loop
      vertex 0.275 0.315 0.0500008
      vertex -0.275 0.275 0.0500008
      vertex -0.275 0.315 0.0500008
    endloop
  endfacet
  facet normal 0 0 -1
    outer loop
      vertex 0.275 -0.275 0.0500008
      vertex 0.315 0.275 0.0500008
      vertex 0.315 -0.275 0.0500008
    endloop
  endfacet
  facet normal -0 0 -1
    outer loop
      vertex 0.315 0.275 0.0500008
      vertex 0.275 -0.275 0.0500008
      vertex 0.275 0.275 0.0500008
    endloop
  endfacet
  facet normal -1 0 0
    outer loop
      vertex -0.315 -0.275 0.0500008
      vertex -0.315 0.275 0.149999
      vertex -0.315 0.275 0.0500008
    endloop
  endfacet
  facet normal -1 -0 0
    outer loop
      vertex -0.315 0.275 0.149999
      vertex -0.315 -0.275 0.0500008
      vertex -0.315 -0.275 0.149999
    endloop
  endfacet
  facet normal 0 1 -0
    outer loop
      vertex -0.275 0.275 0.0500008
      vertex -0.315 0.275 0.149999
      vertex -0.275 0.275 0.149999
    endloop
  endfacet
  facet normal 0 1 0
    outer loop
      vertex -0.315 0.275 0.149999
      vertex -0.275 0.275 0.0500008
      vertex -0.315 0.275 0.0500008
    endloop
  endfacet
  facet normal 0 1 -0
    outer loop
      vertex 0.315 0.275 0.0500008
      vertex 0.275 0.275 0.149999
      vertex 0.315 0.275 0.149999
    endloop
  endfacet
  facet normal 0 1 0
    outer loop
      vertex 0.275 0.275 0.149999
      vertex 0.315 0.275 0.0500008
      vertex 0.275 0.275 0.0500008
    endloop
  endfacet
  facet normal 0 -1 0
    outer loop
      vertex -0.315 -0.275 0.0500008
      vertex -0.275 -0.275 0.149999
      vertex -0.315 -0.275 0.149999
    endloop
  endfacet
  facet normal 0 -1 -0
    outer loop
      vertex -0.275 -0.275 0.149999
      vertex -0.315 -0.275 0.0500008
      vertex -0.275 -0.275 0.0500008
    endloop
  endfacet
  facet normal 0 -1 0
    outer loop
      vertex 0.275 -0.275 0.0500008
      vertex 0.315 -0.275 0.149999
      vertex 0.275 -0.275 0.149999
    endloop
  endfacet
  facet normal 0 -1 -0
    outer loop
      vertex 0.315 -0.275 0.149999
      vertex 0.275 -0.275 0.0500008
      vertex 0.315 -0.275 0.0500008
    endloop
  endfacet
  facet normal 1 -0 0
    outer loop
      vertex 0.275 0.275 0.149999
      vertex 0.275 0.315 0.0500008
      vertex 0.275 0.315 0.149999
    endloop
  endfacet
  facet normal 1 0 0
    outer loop
      vertex 0.275 0.315 0.0500008
      vertex 0.275 0.275 0.149999
      vertex 0.275 0.275 0.0500008
    endloop
  endfacet
  facet normal 1 -0 0
    outer loop
      vertex 0.275 -0.315 0.149999
      vertex 0.275 -0.275 0.0500008
      vertex 0.275 -0.275 0.149999
    endloop
  endfacet
  facet normal 1 0 0
    outer loop
      vertex 0.275 -0.275 0.0500008
      vertex 0.275 -0.315 0.149999
      vertex 0.275 -0.315 0.0500008
    endloop
  endfacet
  facet normal -1 0 0
    outer loop
      vertex -0.275 0.275 0.0500008
      vertex -0.275 0.315 0.149999
      vertex -0.275 0.315 0.0500008
    endloop
  endfacet
  facet normal -1 -0 0
    outer loop
      vertex -0.275 0.315 0.149999
      vertex -0.275 0.275 0.0500008
      vertex -0.275 0.275 0.149999
    endloop
  endfacet
  facet normal -1 0 0
    outer loop
      vertex -0.275 -0.315 0.0500008
      vertex -0.275 -0.275 0.149999
      vertex -0.275 -0.275 0.0500008
    endloop
  endfacet
  facet normal -1 -0 0
    outer loop
      vertex -0.275 -0.275 0.149999
      vertex -0.275 -0.315 0.0500008
      vertex -0.275 -0.315 0.149999
    endloop
  endfacet
  facet normal 0 1 -0
    outer loop
      vertex 0.275 0.315 0.0500008
      vertex -0.275 0.315 0.149999
      vertex 0.275 0.315 0.149999
    endloop
  endfacet
  facet normal 0 1 0
    outer loop
      vertex -0.275 0.315 0.149999
      vertex 0.275 0.315 0.0500008
      vertex -0.275 0.315 0.0500008
    endloop
  endfacet
  facet normal 0 -1 0
    outer loop
      vertex -0.275 -0.315 0.0500008
      vertex 0.275 -0.315 0.149999
      vertex -0.275 -0.315 0.149999
    endloop
  endfacet
  facet normal 0 -1 -0
    outer loop
      vertex 0.275 -0.315 0.149999
      vertex -0.275 -0.315 0.0500008
      vertex 0.275 -0.315 0.0500008
    endloop
  endfacet
endsolid OpenSCAD_Model
