solid OpenSCAD_Model
  facet normal 0.923879 0.382684 0
    outer loop
      vertex 0.125 0 1.375
      vertex 0.0883883 0.0883883 0.725
      vertex 0.0883883 0.0883883 1.375
    endloop
  endfacet
  facet normal 0.923879 0.382684 0
    outer loop
      vertex 0.0883883 0.0883883 0.725
      vertex 0.125 0 1.375
      vertex 0.125 0 0.725
    endloop
  endfacet
  facet normal 0.382684 0.923879 -0
    outer loop
      vertex 0.0883883 0.0883883 0.725
      vertex 0 0.125 1.375
      vertex 0.0883883 0.0883883 1.375
    endloop
  endfacet
  facet normal 0.382684 0.923879 0
    outer loop
      vertex 0 0.125 1.375
      vertex 0.0883883 0.0883883 0.725
      vertex 0 0.125 0.725
    endloop
  endfacet
  facet normal -0.382684 0.923879 0
    outer loop
      vertex 0 0.125 0.725
      vertex -0.0883883 0.0883883 1.375
      vertex 0 0.125 1.375
    endloop
  endfacet
  facet normal -0.382684 0.923879 0
    outer loop
      vertex -0.0883883 0.0883883 1.375
      vertex 0 0.125 0.725
      vertex -0.0883883 0.0883883 0.725
    endloop
  endfacet
  facet normal -0.923879 0.382684 0
    outer loop
      vertex -0.125 0 0.725
      vertex -0.0883883 0.0883883 1.375
      vertex -0.0883883 0.0883883 0.725
    endloop
  endfacet
  facet normal -0.923879 0.382684 0
    outer loop
      vertex -0.0883883 0.0883883 1.375
      vertex -0.125 0 0.725
      vertex -0.125 0 1.375
    endloop
  endfacet
  facet normal -0.923879 -0.382684 0
    outer loop
      vertex -0.0883883 -0.0883883 0.725
      vertex -0.125 0 1.375
      vertex -0.125 0 0.725
    endloop
  endfacet
  facet normal -0.923879 -0.382684 0
    outer loop
      vertex -0.125 0 1.375
      vertex -0.0883883 -0.0883883 0.725
      vertex -0.0883883 -0.0883883 1.375
    endloop
  endfacet
  facet normal -0.382684 -0.923879 0
    outer loop
      vertex -0.0883883 -0.0883883 0.725
      vertex 0 -0.125 1.375
      vertex -0.0883883 -0.0883883 1.375
    endloop
  endfacet
  facet normal -0.382684 -0.923879 -0
    outer loop
      vertex 0 -0.125 1.375
      vertex -0.0883883 -0.0883883 0.725
      vertex 0 -0.125 0.725
    endloop
  endfacet
  facet normal 0.382684 -0.923879 0
    outer loop
      vertex 0 -0.125 0.725
      vertex 0.0883883 -0.0883883 1.375
      vertex 0 -0.125 1.375
    endloop
  endfacet
  facet normal 0.382684 -0.923879 0
    outer loop
      vertex 0.0883883 -0.0883883 1.375
      vertex 0 -0.125 0.725
      vertex 0.0883883 -0.0883883 0.725
    endloop
  endfacet
  facet normal 0.923879 -0.382684 0
    outer loop
      vertex 0.0883883 -0.0883883 1.375
      vertex 0.125 0 0.725
      vertex 0.125 0 1.375
    endloop
  endfacet
  facet normal 0.923879 -0.382684 0
    outer loop
      vertex 0.125 0 0.725
      vertex 0.0883883 -0.0883883 1.375
      vertex 0.0883883 -0.0883883 0.725
    endloop
  endfacet
  facet normal 0 0 -1
    outer loop
      vertex 0.0883883 -0.0883883 0.725
      vertex 0.0883883 0.0883883 0.725
      vertex 0.125 0 0.725
    endloop
  endfacet
  facet normal 0 0 -1
    outer loop
      vertex 0 -0.125 0.725
      vertex 0.0883883 0.0883883 0.725
      vertex 0.0883883 -0.0883883 0.725
    endloop
  endfacet
  facet normal 0 0 -1
    outer loop
      vertex 0 -0.125 0.725
      vertex 0 0.125 0.725
      vertex 0.0883883 0.0883883 0.725
    endloop
  endfacet
  facet normal 0 0 -1
    outer loop
      vertex -0.0883883 -0.0883883 0.725
      vertex 0 0.125 0.725
      vertex 0 -0.125 0.725
    endloop
  endfacet
  facet normal 0 0 -1
    outer loop
      vertex -0.0883883 -0.0883883 0.725
      vertex -0.0883883 0.0883883 0.725
      vertex 0 0.125 0.725
    endloop
  endfacet
  facet normal 0 -0 -1
    outer loop
      vertex -0.0883883 0.0883883 0.725
      vertex -0.0883883 -0.0883883 0.725
      vertex -0.125 0 0.725
    endloop
  endfacet
  facet normal 0 0 1
    outer loop
      vertex 0.0883883 0.0883883 1.375
      vertex 0.0883883 -0.0883883 1.375
      vertex 0.125 0 1.375
    endloop
  endfacet
  facet normal 0 0 1
    outer loop
      vertex 0 0.125 1.375
      vertex 0.0883883 -0.0883883 1.375
      vertex 0.0883883 0.0883883 1.375
    endloop
  endfacet
  facet normal 0 0 1
    outer loop
      vertex 0 0.125 1.375
      vertex 0 -0.125 1.375
      vertex 0.0883883 -0.0883883 1.375
    endloop
  endfacet
  facet normal -0 0 1
    outer loop
      vertex -0.0883883 0.0883883 1.375
      vertex 0 -0.125 1.375
      vertex 0 0.125 1.375
    endloop
  endfacet
  facet normal 0 0 1
    outer loop
      vertex -0.0883883 0.0883883 1.375
      vertex -0.0883883 -0.0883883 1.375
      vertex 0 -0.125 1.375
    endloop
  endfacet
  facet normal 0 -0 1
    outer loop
      vertex -0.0883883 -0.0883883 1.375
      vertex -0.0883883 0.0883883 1.375
      vertex -0.125 0 1.375
    endloop
  endfacet
endsolid OpenSCAD_Model
