solid OpenSCAD_Model
  facet normal 0 0.707107 -0.707107
    outer loop
      vertex 0.5 0.153073 -0.369552
      vertex -0.5 0.369552 -0.153073
      vertex 0.5 0.369552 -0.153073
    endloop
  endfacet
  facet normal 0 0.707107 -0.707107
    outer loop
      vertex -0.5 0.369552 -0.153073
      vertex 0.5 0.153073 -0.369552
      vertex -0.5 0.153073 -0.369552
    endloop
  endfacet
  facet normal 0 1 -0
    outer loop
      vertex 0.5 0.369552 -0.153073
      vertex -0.5 0.369552 0.153073
      vertex 0.5 0.369552 0.153073
    endloop
  endfacet
  facet normal 0 1 0
    outer loop
      vertex -0.5 0.369552 0.153073
      vertex 0.5 0.369552 -0.153073
      vertex -0.5 0.369552 -0.153073
    endloop
  endfacet
  facet normal 0 0.707107 0.707107
    outer loop
      vertex 0.5 0.369552 0.153073
      vertex -0.5 0.153073 0.369552
      vertex 0.5 0.153073 0.369552
    endloop
  endfacet
  facet normal 0 0.707107 0.707107
    outer loop
      vertex -0.5 0.153073 0.369552
      vertex 0.5 0.369552 0.153073
      vertex -0.5 0.369552 0.153073
    endloop
  endfacet
  facet normal -0 0 1
    outer loop
      vertex -0.5 0.153073 0.369552
      vertex 0.5 -0.153073 0.369552
      vertex 0.5 0.153073 0.369552
    endloop
  endfacet
  facet normal 0 0 1
    outer loop
      vertex 0.5 -0.153073 0.369552
      vertex -0.5 0.153073 0.369552
      vertex -0.5 -0.153073 0.369552
    endloop
  endfacet
  facet normal 0 -0.707107 0.707107
    outer loop
      vertex -0.5 -0.369552 0.153073
      vertex 0.5 -0.153073 0.369552
      vertex -0.5 -0.153073 0.369552
    endloop
  endfacet
  facet normal 0 -0.707107 0.707107
    outer loop
      vertex 0.5 -0.153073 0.369552
      vertex -0.5 -0.369552 0.153073
      vertex 0.5 -0.369552 0.153073
    endloop
  endfacet
  facet normal 0 -1 0
    outer loop
      vertex -0.5 -0.369552 -0.153073
      vertex 0.5 -0.369552 0.153073
      vertex -0.5 -0.369552 0.153073
    endloop
  endfacet
  facet normal 0 -1 -0
    outer loop
      vertex 0.5 -0.369552 0.153073
      vertex -0.5 -0.369552 -0.153073
      vertex 0.5 -0.369552 -0.153073
    endloop
  endfacet
  facet normal 0 -0.707107 -0.707107
    outer loop
      vertex -0.5 -0.153073 -0.369552
      vertex 0.5 -0.369552 -0.153073
      vertex -0.5 -0.369552 -0.153073
    endloop
  endfacet
  facet normal 0 -0.707107 -0.707107
    outer loop
      vertex 0.5 -0.369552 -0.153073
      vertex -0.5 -0.153073 -0.369552
      vertex 0.5 -0.153073 -0.369552
    endloop
  endfacet
  facet normal 0 0 -1
    outer loop
      vertex -0.5 -0.153073 -0.369552
      vertex 0.5 0.153073 -0.369552
      vertex 0.5 -0.153073 -0.369552
    endloop
  endfacet
  facet normal -0 0 -1
    outer loop
      vertex 0.5 0.153073 -0.369552
      vertex -0.5 -0.153073 -0.369552
      vertex -0.5 0.153073 -0.369552
    endloop
  endfacet
  facet normal -1 0 0
    outer loop
      vertex -0.5 0.153073 -0.369552
      vertex -0.5 0.369552 0.153073
      vertex -0.5 0.369552 -0.153073
    endloop
  endfacet
  facet normal -1 0 0
    outer loop
      vertex -0.5 0.153073 -0.369552
      vertex -0.5 0.153073 0.369552
      vertex -0.5 0.369552 0.153073
    endloop
  endfacet
  facet normal -1 0 0
    outer loop
      vertex -0.5 -0.153073 -0.369552
      vertex -0.5 0.153073 0.369552
      vertex -0.5 0.153073 -0.369552
    endloop
  endfacet
  facet normal -1 0 0
    outer loop
      vertex -0.5 -0.153073 -0.369552
      vertex -0.5 -0.153073 0.369552
      vertex -0.5 0.153073 0.369552
    endloop
  endfacet
  facet normal -1 0 0
    outer loop
      vertex -0.5 -0.369552 -0.153073
      vertex -0.5 -0.153073 0.369552
      vertex -0.5 -0.153073 -0.369552
    endloop
  endfacet
  facet normal -1 0 0
    outer loop
      vertex -0.5 -0.153073 0.369552
      vertex -0.5 -0.369552 -0.153073
      vertex -0.5 -0.369552 0.153073
    endloop
  endfacet
  facet normal 1 0 0
    outer loop
      vertex 0.5 0.153073 0.369552
      vertex 0.5 0.369552 -0.153073
      vertex 0.5 0.369552 0.153073
    endloop
  endfacet
  facet normal 1 0 0
    outer loop
      vertex 0.5 0.153073 0.369552
      vertex 0.5 0.153073 -0.369552
      vertex 0.5 0.369552 -0.153073
    endloop
  endfacet
  facet normal 1 -0 0
    outer loop
      vertex 0.5 -0.153073 0.369552
      vertex 0.5 0.153073 -0.369552
      vertex 0.5 0.153073 0.369552
    endloop
  endfacet
  facet normal 1 0 0
    outer loop
      vertex 0.5 -0.153073 0.369552
      vertex 0.5 -0.153073 -0.369552
      vertex 0.5 0.153073 -0.369552
    endloop
  endfacet
  facet normal 1 -0 0
    outer loop
      vertex 0.5 -0.369552 0.153073
      vertex 0.5 -0.153073 -0.369552
      vertex 0.5 -0.153073 0.369552
    endloop
  endfacet
  facet normal 1 0 0
    outer loop
      vertex 0.5 -0.153073 -0.369552
      vertex 0.5 -0.369552 0.153073
      vertex 0.5 -0.369552 -0.153073
    endloop
  endfacet
endsolid OpenSCAD_Model
