solid OpenSCAD_Model
  facet normal 0.923879 0.382684 0
    outer loop
      vertex 0.15 0 6
      vertex 0.106066 0.106066 5.5
      vertex 0.106066 0.106066 6
    endloop
  endfacet
  facet normal 0.923879 0.382684 0
    outer loop
      vertex 0.106066 0.106066 5.5
      vertex 0.15 0 6
      vertex 0.15 0 5.5
    endloop
  endfacet
  facet normal 0.382684 0.923879 -0
    outer loop
      vertex 0.106066 0.106066 5.5
      vertex 0 0.15 6
      vertex 0.106066 0.106066 6
    endloop
  endfacet
  facet normal 0.382684 0.923879 0
    outer loop
      vertex 0 0.15 6
      vertex 0.106066 0.106066 5.5
      vertex 0 0.15 5.5
    endloop
  endfacet
  facet normal -0.382684 0.923879 0
    outer loop
      vertex 0 0.15 5.5
      vertex -0.106066 0.106066 6
      vertex 0 0.15 6
    endloop
  endfacet
  facet normal -0.382684 0.923879 0
    outer loop
      vertex -0.106066 0.106066 6
      vertex 0 0.15 5.5
      vertex -0.106066 0.106066 5.5
    endloop
  endfacet
  facet normal -0.923879 0.382684 0
    outer loop
      vertex -0.15 0 5.5
      vertex -0.106066 0.106066 6
      vertex -0.106066 0.106066 5.5
    endloop
  endfacet
  facet normal -0.923879 0.382684 0
    outer loop
      vertex -0.106066 0.106066 6
      vertex -0.15 0 5.5
      vertex -0.15 0 6
    endloop
  endfacet
  facet normal -0.923879 -0.382684 0
    outer loop
      vertex -0.106066 -0.106066 5.5
      vertex -0.15 0 6
      vertex -0.15 0 5.5
    endloop
  endfacet
  facet normal -0.923879 -0.382684 0
    outer loop
      vertex -0.15 0 6
      vertex -0.106066 -0.106066 5.5
      vertex -0.106066 -0.106066 6
    endloop
  endfacet
  facet normal -0.382684 -0.923879 0
    outer loop
      vertex -0.106066 -0.106066 5.5
      vertex 0 -0.15 6
      vertex -0.106066 -0.106066 6
    endloop
  endfacet
  facet normal -0.382684 -0.923879 -0
    outer loop
      vertex 0 -0.15 6
      vertex -0.106066 -0.106066 5.5
      vertex 0 -0.15 5.5
    endloop
  endfacet
  facet normal 0.382684 -0.923879 0
    outer loop
      vertex 0 -0.15 5.5
      vertex 0.106066 -0.106066 6
      vertex 0 -0.15 6
    endloop
  endfacet
  facet normal 0.382684 -0.923879 0
    outer loop
      vertex 0.106066 -0.106066 6
      vertex 0 -0.15 5.5
      vertex 0.106066 -0.106066 5.5
    endloop
  endfacet
  facet normal 0.923879 -0.382684 0
    outer loop
      vertex 0.106066 -0.106066 6
      vertex 0.15 0 5.5
      vertex 0.15 0 6
    endloop
  endfacet
  facet normal 0.923879 -0.382684 0
    outer loop
      vertex 0.15 0 5.5
      vertex 0.106066 -0.106066 6
      vertex 0.106066 -0.106066 5.5
    endloop
  endfacet
  facet normal 0 0 -1
    outer loop
      vertex 0.106066 -0.106066 5.5
      vertex 0.106066 0.106066 5.5
      vertex 0.15 0 5.5
    endloop
  endfacet
  facet normal 0 0 -1
    outer loop
      vertex 0 -0.15 5.5
      vertex 0.106066 0.106066 5.5
      vertex 0.106066 -0.106066 5.5
    endloop
  endfacet
  facet normal 0 0 -1
    outer loop
      vertex 0 -0.15 5.5
      vertex 0 0.15 5.5
      vertex 0.106066 0.106066 5.5
    endloop
  endfacet
  facet normal 0 0 -1
    outer loop
      vertex -0.106066 -0.106066 5.5
      vertex 0 0.15 5.5
      vertex 0 -0.15 5.5
    endloop
  endfacet
  facet normal 0 0 -1
    outer loop
      vertex -0.106066 -0.106066 5.5
      vertex -0.106066 0.106066 5.5
      vertex 0 0.15 5.5
    endloop
  endfacet
  facet normal 0 -0 -1
    outer loop
      vertex -0.106066 0.106066 5.5
      vertex -0.106066 -0.106066 5.5
      vertex -0.15 0 5.5
    endloop
  endfacet
  facet normal 0 0 1
    outer loop
      vertex 0.106066 0.106066 6
      vertex 0.106066 -0.106066 6
      vertex 0.15 0 6
    endloop
  endfacet
  facet normal 0 0 1
    outer loop
      vertex 0 0.15 6
      vertex 0.106066 -0.106066 6
      vertex 0.106066 0.106066 6
    endloop
  endfacet
  facet normal 0 0 1
    outer loop
      vertex 0 0.15 6
      vertex 0 -0.15 6
      vertex 0.106066 -0.106066 6
    endloop
  endfacet
  facet normal -0 0 1
    outer loop
      vertex -0.106066 0.106066 6
      vertex 0 -0.15 6
      vertex 0 0.15 6
    endloop
  endfacet
  facet normal 0 0 1
    outer loop
      vertex -0.106066 0.106066 6
      vertex -0.106066 -0.106066 6
      vertex 0 -0.15 6
    endloop
  endfacet
  facet normal 0 -0 1
    outer loop
      vertex -0.106066 -0.106066 6
      vertex -0.106066 0.106066 6
      vertex -0.15 0 6
    endloop
  endfacet
endsolid OpenSCAD_Model
