solid OpenSCAD_Model
  facet normal -0.923875 -0.382694 0
    outer loop
      vertex 1.24645 1.24645 4.9
      vertex 1.1 1.6 8
      vertex 1.1 1.6 4.9
    endloop
  endfacet
  facet normal -0.923875 -0.382694 0
    outer loop
      vertex 1.1 1.6 8
      vertex 1.24645 1.24645 4.9
      vertex 1.24645 1.24645 8
    endloop
  endfacet
  facet normal 0.382694 0.923875 -0
    outer loop
      vertex 1.95355 1.95355 4.9
      vertex 1.6 2.1 8
      vertex 1.95355 1.95355 8
    endloop
  endfacet
  facet normal 0.382694 0.923875 0
    outer loop
      vertex 1.6 2.1 8
      vertex 1.95355 1.95355 4.9
      vertex 1.6 2.1 4.9
    endloop
  endfacet
  facet normal 0.923875 0.382694 0
    outer loop
      vertex 2.1 1.6 8
      vertex 1.95355 1.95355 4.9
      vertex 1.95355 1.95355 8
    endloop
  endfacet
  facet normal 0.923875 0.382694 0
    outer loop
      vertex 1.95355 1.95355 4.9
      vertex 2.1 1.6 8
      vertex 2.1 1.6 4.9
    endloop
  endfacet
  facet normal 0.923875 -0.382694 0
    outer loop
      vertex 1.95355 1.24645 8
      vertex 2.1 1.6 4.9
      vertex 2.1 1.6 8
    endloop
  endfacet
  facet normal 0.923875 -0.382694 0
    outer loop
      vertex 2.1 1.6 4.9
      vertex 1.95355 1.24645 8
      vertex 1.95355 1.24645 4.9
    endloop
  endfacet
  facet normal -0.382694 -0.923875 0
    outer loop
      vertex 1.24645 1.24645 4.9
      vertex 1.6 1.1 8
      vertex 1.24645 1.24645 8
    endloop
  endfacet
  facet normal -0.382694 -0.923875 -0
    outer loop
      vertex 1.6 1.1 8
      vertex 1.24645 1.24645 4.9
      vertex 1.6 1.1 4.9
    endloop
  endfacet
  facet normal -0.382694 0.923875 0
    outer loop
      vertex 1.6 2.1 4.9
      vertex 1.24645 1.95355 8
      vertex 1.6 2.1 8
    endloop
  endfacet
  facet normal -0.382694 0.923875 0
    outer loop
      vertex 1.24645 1.95355 8
      vertex 1.6 2.1 4.9
      vertex 1.24645 1.95355 4.9
    endloop
  endfacet
  facet normal -0.923875 0.382694 0
    outer loop
      vertex 1.1 1.6 4.9
      vertex 1.24645 1.95355 8
      vertex 1.24645 1.95355 4.9
    endloop
  endfacet
  facet normal -0.923875 0.382694 0
    outer loop
      vertex 1.24645 1.95355 8
      vertex 1.1 1.6 4.9
      vertex 1.1 1.6 8
    endloop
  endfacet
  facet normal 0.382694 -0.923875 0
    outer loop
      vertex 1.6 1.1 4.9
      vertex 1.95355 1.24645 8
      vertex 1.6 1.1 8
    endloop
  endfacet
  facet normal 0.382694 -0.923875 0
    outer loop
      vertex 1.95355 1.24645 8
      vertex 1.6 1.1 4.9
      vertex 1.95355 1.24645 4.9
    endloop
  endfacet
  facet normal 0 0 1
    outer loop
      vertex 1.9 1.6 8
      vertex 2.1 1.6 8
      vertex 1.95355 1.95355 8
    endloop
  endfacet
  facet normal 0 0 1
    outer loop
      vertex 2.1 1.6 8
      vertex 1.9 1.6 8
      vertex 1.95355 1.24645 8
    endloop
  endfacet
  facet normal 0 0 1
    outer loop
      vertex 1.95355 1.95355 8
      vertex 1.81213 1.81213 8
      vertex 1.9 1.6 8
    endloop
  endfacet
  facet normal 0 0 1
    outer loop
      vertex 1.6 2.1 8
      vertex 1.81213 1.81213 8
      vertex 1.95355 1.95355 8
    endloop
  endfacet
  facet normal 0 0 1
    outer loop
      vertex 1.6 2.1 8
      vertex 1.6 1.9 8
      vertex 1.81213 1.81213 8
    endloop
  endfacet
  facet normal 0 0 1
    outer loop
      vertex 1.6 2.1 8
      vertex 1.38787 1.81213 8
      vertex 1.6 1.9 8
    endloop
  endfacet
  facet normal 0 0 1
    outer loop
      vertex 1.38787 1.81213 8
      vertex 1.24645 1.95355 8
      vertex 1.3 1.6 8
    endloop
  endfacet
  facet normal -0 0 1
    outer loop
      vertex 1.24645 1.95355 8
      vertex 1.38787 1.81213 8
      vertex 1.6 2.1 8
    endloop
  endfacet
  facet normal -0 0 1
    outer loop
      vertex 1.81213 1.38787 8
      vertex 1.95355 1.24645 8
      vertex 1.9 1.6 8
    endloop
  endfacet
  facet normal -0 0 1
    outer loop
      vertex 1.6 1.3 8
      vertex 1.95355 1.24645 8
      vertex 1.81213 1.38787 8
    endloop
  endfacet
  facet normal 0 0 1
    outer loop
      vertex 1.6 1.3 8
      vertex 1.6 1.1 8
      vertex 1.95355 1.24645 8
    endloop
  endfacet
  facet normal 0 0 1
    outer loop
      vertex 1.38787 1.38787 8
      vertex 1.6 1.1 8
      vertex 1.6 1.3 8
    endloop
  endfacet
  facet normal 0 0 1
    outer loop
      vertex 1.38787 1.38787 8
      vertex 1.24645 1.24645 8
      vertex 1.6 1.1 8
    endloop
  endfacet
  facet normal 0 0 1
    outer loop
      vertex 1.3 1.6 8
      vertex 1.24645 1.24645 8
      vertex 1.38787 1.38787 8
    endloop
  endfacet
  facet normal 0 0 1
    outer loop
      vertex 1.1 1.6 8
      vertex 1.3 1.6 8
      vertex 1.24645 1.95355 8
    endloop
  endfacet
  facet normal 0 0 1
    outer loop
      vertex 1.3 1.6 8
      vertex 1.1 1.6 8
      vertex 1.24645 1.24645 8
    endloop
  endfacet
  facet normal 0 0 -1
    outer loop
      vertex 2.30711 0.892893 0
      vertex 2.30711 2.30711 0
      vertex 2.6 1.6 0
    endloop
  endfacet
  facet normal 0 0 -1
    outer loop
      vertex 1.6 0.6 0
      vertex 2.30711 2.30711 0
      vertex 2.30711 0.892893 0
    endloop
  endfacet
  facet normal 0 0 -1
    outer loop
      vertex 1.6 0.6 0
      vertex 1.6 2.6 0
      vertex 2.30711 2.30711 0
    endloop
  endfacet
  facet normal 0 0 -1
    outer loop
      vertex 0.892893 0.892893 0
      vertex 1.6 2.6 0
      vertex 1.6 0.6 0
    endloop
  endfacet
  facet normal 0 0 -1
    outer loop
      vertex 0.892893 0.892893 0
      vertex 0.892893 2.30711 0
      vertex 1.6 2.6 0
    endloop
  endfacet
  facet normal 0 -0 -1
    outer loop
      vertex 0.892893 2.30711 0
      vertex 0.892893 0.892893 0
      vertex 0.6 1.6 0
    endloop
  endfacet
  facet normal -0.923875 0.382694 0
    outer loop
      vertex 1.81213 1.38787 4.9
      vertex 1.9 1.6 8
      vertex 1.9 1.6 4.9
    endloop
  endfacet
  facet normal -0.923875 0.382694 0
    outer loop
      vertex 1.9 1.6 8
      vertex 1.81213 1.38787 4.9
      vertex 1.81213 1.38787 8
    endloop
  endfacet
  facet normal -0.382694 -0.923875 0
    outer loop
      vertex 1.6 1.9 4.9
      vertex 1.81213 1.81213 8
      vertex 1.6 1.9 8
    endloop
  endfacet
  facet normal -0.382694 -0.923875 -0
    outer loop
      vertex 1.81213 1.81213 8
      vertex 1.6 1.9 4.9
      vertex 1.81213 1.81213 4.9
    endloop
  endfacet
  facet normal -0.923875 -0.382694 0
    outer loop
      vertex 1.9 1.6 4.9
      vertex 1.81213 1.81213 8
      vertex 1.81213 1.81213 4.9
    endloop
  endfacet
  facet normal -0.923875 -0.382694 0
    outer loop
      vertex 1.81213 1.81213 8
      vertex 1.9 1.6 4.9
      vertex 1.9 1.6 8
    endloop
  endfacet
  facet normal 0.382694 -0.923875 0
    outer loop
      vertex 1.38787 1.81213 4.9
      vertex 1.6 1.9 8
      vertex 1.38787 1.81213 8
    endloop
  endfacet
  facet normal 0.382694 -0.923875 0
    outer loop
      vertex 1.6 1.9 8
      vertex 1.38787 1.81213 4.9
      vertex 1.6 1.9 4.9
    endloop
  endfacet
  facet normal 0.923875 -0.382694 0
    outer loop
      vertex 1.3 1.6 8
      vertex 1.38787 1.81213 4.9
      vertex 1.38787 1.81213 8
    endloop
  endfacet
  facet normal 0.923875 -0.382694 0
    outer loop
      vertex 1.38787 1.81213 4.9
      vertex 1.3 1.6 8
      vertex 1.3 1.6 4.9
    endloop
  endfacet
  facet normal -0.382694 0.923875 0
    outer loop
      vertex 1.81213 1.38787 4.9
      vertex 1.6 1.3 8
      vertex 1.81213 1.38787 8
    endloop
  endfacet
  facet normal -0.382694 0.923875 0
    outer loop
      vertex 1.6 1.3 8
      vertex 1.81213 1.38787 4.9
      vertex 1.6 1.3 4.9
    endloop
  endfacet
  facet normal 0.923875 0.382694 0
    outer loop
      vertex 1.38787 1.38787 8
      vertex 1.3 1.6 4.9
      vertex 1.3 1.6 8
    endloop
  endfacet
  facet normal 0.923875 0.382694 0
    outer loop
      vertex 1.3 1.6 4.9
      vertex 1.38787 1.38787 8
      vertex 1.38787 1.38787 4.9
    endloop
  endfacet
  facet normal 0.382694 0.923875 -0
    outer loop
      vertex 1.6 1.3 4.9
      vertex 1.38787 1.38787 8
      vertex 1.6 1.3 8
    endloop
  endfacet
  facet normal 0.382694 0.923875 0
    outer loop
      vertex 1.38787 1.38787 8
      vertex 1.6 1.3 4.9
      vertex 1.38787 1.38787 4.9
    endloop
  endfacet
  facet normal -0.382683 -0.92388 0
    outer loop
      vertex 0.892893 0.892893 0
      vertex 1.6 0.6 3
      vertex 0.892893 0.892893 3
    endloop
  endfacet
  facet normal -0.382683 -0.92388 -0
    outer loop
      vertex 1.6 0.6 3
      vertex 0.892893 0.892893 0
      vertex 1.6 0.6 0
    endloop
  endfacet
  facet normal 0.371846 0.89773 0.236245
    outer loop
      vertex 1.6 2.6 3
      vertex 1.6 2.1 4.9
      vertex 2.30711 2.30711 3
    endloop
  endfacet
  facet normal -0.38268 0.923881 0
    outer loop
      vertex 1.6 2.6 0
      vertex 0.892893 2.30711 3
      vertex 1.6 2.6 3
    endloop
  endfacet
  facet normal -0.38268 0.923881 0
    outer loop
      vertex 0.892893 2.30711 3
      vertex 1.6 2.6 0
      vertex 0.892893 2.30711 0
    endloop
  endfacet
  facet normal -0.92388 0.382682 0
    outer loop
      vertex 0.6 1.6 0
      vertex 0.892893 2.30711 3
      vertex 0.892893 2.30711 0
    endloop
  endfacet
  facet normal -0.92388 0.382682 0
    outer loop
      vertex 0.892893 2.30711 3
      vertex 0.6 1.6 0
      vertex 0.6 1.6 3
    endloop
  endfacet
  facet normal 0.371849 -0.897729 0.236244
    outer loop
      vertex 1.6 1.1 4.9
      vertex 1.6 0.6 3
      vertex 2.30711 0.892893 3
    endloop
  endfacet
  facet normal 0.923882 0.382678 0
    outer loop
      vertex 2.6 1.6 3
      vertex 2.30711 2.30711 0
      vertex 2.30711 2.30711 3
    endloop
  endfacet
  facet normal 0.923882 0.382678 0
    outer loop
      vertex 2.30711 2.30711 0
      vertex 2.6 1.6 3
      vertex 2.6 1.6 0
    endloop
  endfacet
  facet normal -0.897723 0.371861 0.236248
    outer loop
      vertex 1.24645 1.95355 4.9
      vertex 0.892893 2.30711 3
      vertex 1.1 1.6 4.9
    endloop
  endfacet
  facet normal 0.382678 0.923882 -0
    outer loop
      vertex 2.30711 2.30711 0
      vertex 1.6 2.6 3
      vertex 2.30711 2.30711 3
    endloop
  endfacet
  facet normal 0.382678 0.923882 0
    outer loop
      vertex 1.6 2.6 3
      vertex 2.30711 2.30711 0
      vertex 1.6 2.6 0
    endloop
  endfacet
  facet normal 0.371861 -0.897723 0.236248
    outer loop
      vertex 1.95355 1.24645 4.9
      vertex 1.6 1.1 4.9
      vertex 2.30711 0.892893 3
    endloop
  endfacet
  facet normal 0.923881 -0.38268 0
    outer loop
      vertex 2.30711 0.892893 3
      vertex 2.6 1.6 0
      vertex 2.6 1.6 3
    endloop
  endfacet
  facet normal 0.923881 -0.38268 0
    outer loop
      vertex 2.6 1.6 0
      vertex 2.30711 0.892893 3
      vertex 2.30711 0.892893 0
    endloop
  endfacet
  facet normal -0.897728 -0.371851 0.236244
    outer loop
      vertex 1.1 1.6 4.9
      vertex 0.6 1.6 3
      vertex 0.892893 0.892893 3
    endloop
  endfacet
  facet normal 0.382682 -0.92388 0
    outer loop
      vertex 1.6 0.6 0
      vertex 2.30711 0.892893 3
      vertex 1.6 0.6 3
    endloop
  endfacet
  facet normal 0.382682 -0.92388 0
    outer loop
      vertex 2.30711 0.892893 3
      vertex 1.6 0.6 0
      vertex 2.30711 0.892893 0
    endloop
  endfacet
  facet normal -0.371851 -0.897728 0.236244
    outer loop
      vertex 1.6 1.1 4.9
      vertex 0.892893 0.892893 3
      vertex 1.6 0.6 3
    endloop
  endfacet
  facet normal 0.897729 -0.371847 0.236245
    outer loop
      vertex 2.6 1.6 3
      vertex 2.1 1.6 4.9
      vertex 2.30711 0.892893 3
    endloop
  endfacet
  facet normal -0.897729 0.371849 0.236244
    outer loop
      vertex 0.892893 2.30711 3
      vertex 0.6 1.6 3
      vertex 1.1 1.6 4.9
    endloop
  endfacet
  facet normal -0.371861 0.897723 0.236249
    outer loop
      vertex 1.6 2.1 4.9
      vertex 0.892893 2.30711 3
      vertex 1.24645 1.95355 4.9
    endloop
  endfacet
  facet normal -0.92388 -0.382683 0
    outer loop
      vertex 0.892893 0.892893 0
      vertex 0.6 1.6 3
      vertex 0.6 1.6 0
    endloop
  endfacet
  facet normal -0.92388 -0.382683 0
    outer loop
      vertex 0.6 1.6 3
      vertex 0.892893 0.892893 0
      vertex 0.892893 0.892893 3
    endloop
  endfacet
  facet normal 0 0 1
    outer loop
      vertex 1.81213 1.81213 4.9
      vertex 1.81213 1.38787 4.9
      vertex 1.9 1.6 4.9
    endloop
  endfacet
  facet normal 0 0 1
    outer loop
      vertex 1.6 1.9 4.9
      vertex 1.81213 1.38787 4.9
      vertex 1.81213 1.81213 4.9
    endloop
  endfacet
  facet normal 0 0 1
    outer loop
      vertex 1.6 1.9 4.9
      vertex 1.6 1.3 4.9
      vertex 1.81213 1.38787 4.9
    endloop
  endfacet
  facet normal -0 0 1
    outer loop
      vertex 1.38787 1.81213 4.9
      vertex 1.6 1.3 4.9
      vertex 1.6 1.9 4.9
    endloop
  endfacet
  facet normal 0 0 1
    outer loop
      vertex 1.38787 1.81213 4.9
      vertex 1.38787 1.38787 4.9
      vertex 1.6 1.3 4.9
    endloop
  endfacet
  facet normal 0 -0 1
    outer loop
      vertex 1.38787 1.38787 4.9
      vertex 1.38787 1.81213 4.9
      vertex 1.3 1.6 4.9
    endloop
  endfacet
  facet normal 0.89773 0.371846 0.236245
    outer loop
      vertex 2.30711 2.30711 3
      vertex 2.1 1.6 4.9
      vertex 2.6 1.6 3
    endloop
  endfacet
  facet normal -0.897723 -0.371861 0.236248
    outer loop
      vertex 1.1 1.6 4.9
      vertex 0.892893 0.892893 3
      vertex 1.24645 1.24645 4.9
    endloop
  endfacet
  facet normal -0.371847 0.897729 0.236245
    outer loop
      vertex 1.6 2.6 3
      vertex 0.892893 2.30711 3
      vertex 1.6 2.1 4.9
    endloop
  endfacet
  facet normal 0.897723 -0.371861 0.236249
    outer loop
      vertex 2.1 1.6 4.9
      vertex 1.95355 1.24645 4.9
      vertex 2.30711 0.892893 3
    endloop
  endfacet
  facet normal -0.371861 -0.897723 0.236248
    outer loop
      vertex 1.24645 1.24645 4.9
      vertex 0.892893 0.892893 3
      vertex 1.6 1.1 4.9
    endloop
  endfacet
  facet normal 0.897722 0.371861 0.236249
    outer loop
      vertex 2.30711 2.30711 3
      vertex 1.95355 1.95355 4.9
      vertex 2.1 1.6 4.9
    endloop
  endfacet
  facet normal 0.371861 0.897722 0.236249
    outer loop
      vertex 2.30711 2.30711 3
      vertex 1.6 2.1 4.9
      vertex 1.95355 1.95355 4.9
    endloop
  endfacet
endsolid OpenSCAD_Model
