solid OpenSCAD_Model
  facet normal 0 0.382683 -0.92388
    outer loop
      vertex -1.875 0 -0.1
      vertex 1.875 0.0707107 -0.0707107
      vertex 1.875 0 -0.1
    endloop
  endfacet
  facet normal 0 0.382683 -0.92388
    outer loop
      vertex 1.875 0.0707107 -0.0707107
      vertex -1.875 0 -0.1
      vertex -1.875 0.0707107 -0.0707107
    endloop
  endfacet
  facet normal 0 0.92388 -0.382683
    outer loop
      vertex 1.875 0.0707107 -0.0707107
      vertex -1.875 0.1 0
      vertex 1.875 0.1 0
    endloop
  endfacet
  facet normal 0 0.92388 -0.382683
    outer loop
      vertex -1.875 0.1 0
      vertex 1.875 0.0707107 -0.0707107
      vertex -1.875 0.0707107 -0.0707107
    endloop
  endfacet
  facet normal 0 0.92388 0.382683
    outer loop
      vertex 1.875 0.1 0
      vertex -1.875 0.0707107 0.0707107
      vertex 1.875 0.0707107 0.0707107
    endloop
  endfacet
  facet normal 0 0.92388 0.382683
    outer loop
      vertex -1.875 0.0707107 0.0707107
      vertex 1.875 0.1 0
      vertex -1.875 0.1 0
    endloop
  endfacet
  facet normal -0 0.382683 0.92388
    outer loop
      vertex -1.875 0.0707107 0.0707107
      vertex 1.875 0 0.1
      vertex 1.875 0.0707107 0.0707107
    endloop
  endfacet
  facet normal 0 0.382683 0.92388
    outer loop
      vertex 1.875 0 0.1
      vertex -1.875 0.0707107 0.0707107
      vertex -1.875 0 0.1
    endloop
  endfacet
  facet normal 0 -0.382683 0.92388
    outer loop
      vertex -1.875 0 0.1
      vertex 1.875 -0.0707107 0.0707107
      vertex 1.875 0 0.1
    endloop
  endfacet
  facet normal 0 -0.382683 0.92388
    outer loop
      vertex 1.875 -0.0707107 0.0707107
      vertex -1.875 0 0.1
      vertex -1.875 -0.0707107 0.0707107
    endloop
  endfacet
  facet normal 0 -0.92388 0.382683
    outer loop
      vertex -1.875 -0.1 0
      vertex 1.875 -0.0707107 0.0707107
      vertex -1.875 -0.0707107 0.0707107
    endloop
  endfacet
  facet normal 0 -0.92388 0.382683
    outer loop
      vertex 1.875 -0.0707107 0.0707107
      vertex -1.875 -0.1 0
      vertex 1.875 -0.1 0
    endloop
  endfacet
  facet normal 0 -0.92388 -0.382683
    outer loop
      vertex -1.875 -0.0707107 -0.0707107
      vertex 1.875 -0.1 0
      vertex -1.875 -0.1 0
    endloop
  endfacet
  facet normal 0 -0.92388 -0.382683
    outer loop
      vertex 1.875 -0.1 0
      vertex -1.875 -0.0707107 -0.0707107
      vertex 1.875 -0.0707107 -0.0707107
    endloop
  endfacet
  facet normal 0 -0.382683 -0.92388
    outer loop
      vertex -1.875 -0.0707107 -0.0707107
      vertex 1.875 0 -0.1
      vertex 1.875 -0.0707107 -0.0707107
    endloop
  endfacet
  facet normal -0 -0.382683 -0.92388
    outer loop
      vertex 1.875 0 -0.1
      vertex -1.875 -0.0707107 -0.0707107
      vertex -1.875 0 -0.1
    endloop
  endfacet
  facet normal -1 0 0
    outer loop
      vertex -1.875 0.0707107 -0.0707107
      vertex -1.875 0.0707107 0.0707107
      vertex -1.875 0.1 0
    endloop
  endfacet
  facet normal -1 0 0
    outer loop
      vertex -1.875 0 -0.1
      vertex -1.875 0.0707107 0.0707107
      vertex -1.875 0.0707107 -0.0707107
    endloop
  endfacet
  facet normal -1 0 0
    outer loop
      vertex -1.875 0 -0.1
      vertex -1.875 0 0.1
      vertex -1.875 0.0707107 0.0707107
    endloop
  endfacet
  facet normal -1 0 0
    outer loop
      vertex -1.875 -0.0707107 -0.0707107
      vertex -1.875 0 0.1
      vertex -1.875 0 -0.1
    endloop
  endfacet
  facet normal -1 0 0
    outer loop
      vertex -1.875 -0.0707107 -0.0707107
      vertex -1.875 -0.0707107 0.0707107
      vertex -1.875 0 0.1
    endloop
  endfacet
  facet normal -1 0 -0
    outer loop
      vertex -1.875 -0.0707107 0.0707107
      vertex -1.875 -0.0707107 -0.0707107
      vertex -1.875 -0.1 0
    endloop
  endfacet
  facet normal 1 0 0
    outer loop
      vertex 1.875 0.0707107 0.0707107
      vertex 1.875 0.0707107 -0.0707107
      vertex 1.875 0.1 0
    endloop
  endfacet
  facet normal 1 0 0
    outer loop
      vertex 1.875 0 0.1
      vertex 1.875 0.0707107 -0.0707107
      vertex 1.875 0.0707107 0.0707107
    endloop
  endfacet
  facet normal 1 0 0
    outer loop
      vertex 1.875 0 0.1
      vertex 1.875 0 -0.1
      vertex 1.875 0.0707107 -0.0707107
    endloop
  endfacet
  facet normal 1 -0 0
    outer loop
      vertex 1.875 -0.0707107 0.0707107
      vertex 1.875 0 -0.1
      vertex 1.875 0 0.1
    endloop
  endfacet
  facet normal 1 0 0
    outer loop
      vertex 1.875 -0.0707107 0.0707107
      vertex 1.875 -0.0707107 -0.0707107
      vertex 1.875 0 -0.1
    endloop
  endfacet
  facet normal 1 0 -0
    outer loop
      vertex 1.875 -0.0707107 -0.0707107
      vertex 1.875 -0.0707107 0.0707107
      vertex 1.875 -0.1 0
    endloop
  endfacet
endsolid OpenSCAD_Model
