solid OpenSCAD_Model
  facet normal -0.171011 0.469846 0.866025
    outer loop
      vertex -0.681255 1.87173 0.35
      vertex 0.0625243 0.259808 1.37139
      vertex 0.269117 2.40196 0.25
    endloop
  endfacet
  facet normal -0.170997 0.469852 0.866025
    outer loop
      vertex 0.0625243 0.259808 1.37139
      vertex -0.681255 1.87173 0.35
      vertex 0.0458112 0.259808 1.36809
    endloop
  endfacet
  facet normal -0.171017 0.469844 0.866026
    outer loop
      vertex 0.0458112 0.259808 1.36809
      vertex -0.681255 1.87173 0.35
      vertex -0.0945622 0.259808 1.34037
    endloop
  endfacet
  facet normal 0.170997 -0.469852 -0.866025
    outer loop
      vertex -0.681255 1.87173 0.35
      vertex 0.0625243 0.259808 1.37139
      vertex 0.0458112 0.259808 1.36809
    endloop
  endfacet
  facet normal 0.171017 -0.469844 -0.866026
    outer loop
      vertex -0.681255 1.87173 0.35
      vertex 0.0458112 0.259808 1.36809
      vertex -0.0945622 0.259808 1.34037
    endloop
  endfacet
  facet normal 0.171011 -0.469846 -0.866025
    outer loop
      vertex 0.0625243 0.259808 1.37139
      vertex -0.681255 1.87173 0.35
      vertex 0.269117 2.40196 0.25
    endloop
  endfacet
  facet normal -0.171047 0.469811 0.866037
    outer loop
      vertex -0.15 0.259808 1.32943
      vertex -0.364833 0.306131 1.26187
      vertex -0.202094 0.169577 1.36809
    endloop
  endfacet
  facet normal -0.170853 0.470343 0.865787
    outer loop
      vertex -0.0945622 0.259808 1.34037
      vertex -0.364833 0.306131 1.26187
      vertex -0.15 0.259808 1.32943
    endloop
  endfacet
  facet normal -0.171007 0.469847 0.866026
    outer loop
      vertex -0.681255 1.87173 0.35
      vertex -0.364833 0.306131 1.26187
      vertex -0.0945622 0.259808 1.34037
    endloop
  endfacet
  facet normal -0.17101 0.469847 0.866025
    outer loop
      vertex -0.364833 0.306131 1.26187
      vertex -0.681255 1.87173 0.35
      vertex -1.75011 1.66702 0.25
    endloop
  endfacet
  facet normal 0.171047 -0.469811 -0.866037
    outer loop
      vertex -0.364833 0.306131 1.26187
      vertex -0.15 0.259808 1.32943
      vertex -0.202094 0.169577 1.36809
    endloop
  endfacet
  facet normal 0.170853 -0.470343 -0.865787
    outer loop
      vertex -0.364833 0.306131 1.26187
      vertex -0.0945622 0.259808 1.34037
      vertex -0.15 0.259808 1.32943
    endloop
  endfacet
  facet normal 0.171007 -0.469847 -0.866026
    outer loop
      vertex -0.364833 0.306131 1.26187
      vertex -0.681255 1.87173 0.35
      vertex -0.0945622 0.259808 1.34037
    endloop
  endfacet
  facet normal 0.17101 -0.469847 -0.866025
    outer loop
      vertex -0.681255 1.87173 0.35
      vertex -0.364833 0.306131 1.26187
      vertex -1.75011 1.66702 0.25
    endloop
  endfacet
  facet normal -0.170904 0.469946 0.865992
    outer loop
      vertex -0.202094 0.169577 1.36809
      vertex -0.364833 0.306131 1.26187
      vertex -0.210685 0.154696 1.37447
    endloop
  endfacet
  facet normal 0.170904 -0.469946 -0.865992
    outer loop
      vertex -0.202094 0.169577 1.36809
      vertex -0.210685 0.154696 1.37447
      vertex -0.364833 0.306131 1.26187
    endloop
  endfacet
  facet normal 0.142578 -0.280807 -0.949115
    outer loop
      vertex -0.837335 0.696461 0.67427
      vertex -0.0945622 0.259808 0.91504
      vertex -0.15 0.259808 0.906712
    endloop
  endfacet
  facet normal 0.142577 -0.280809 -0.949114
    outer loop
      vertex -0.837335 0.696461 0.67427
      vertex -0.15 0.259808 0.906712
      vertex -0.202673 0.168575 0.925792
    endloop
  endfacet
  facet normal 0.142578 -0.280806 -0.949115
    outer loop
      vertex -0.0945622 0.259808 0.91504
      vertex -0.837335 0.696461 0.67427
      vertex -0.681255 1.87173 0.35
    endloop
  endfacet
  facet normal 0.142578 -0.280806 -0.949115
    outer loop
      vertex -0.681255 1.87173 0.35
      vertex -0.837335 0.696461 0.67427
      vertex -1.75011 1.66702 0.25
    endloop
  endfacet
  facet normal -0.142578 0.280806 0.949115
    outer loop
      vertex -0.837335 0.696461 0.67427
      vertex -0.0945622 0.259808 0.91504
      vertex -0.681255 1.87173 0.35
    endloop
  endfacet
  facet normal -0.142578 0.280807 0.949115
    outer loop
      vertex -0.0945622 0.259808 0.91504
      vertex -0.837335 0.696461 0.67427
      vertex -0.15 0.259808 0.906712
    endloop
  endfacet
  facet normal -0.142577 0.280809 0.949114
    outer loop
      vertex -0.15 0.259808 0.906712
      vertex -0.837335 0.696461 0.67427
      vertex -0.202673 0.168575 0.925792
    endloop
  endfacet
  facet normal -0.142578 0.280806 0.949115
    outer loop
      vertex -0.837335 0.696461 0.67427
      vertex -0.681255 1.87173 0.35
      vertex -1.75011 1.66702 0.25
    endloop
  endfacet
  facet normal 0.142501 -0.280932 -0.949089
    outer loop
      vertex 0.115125 -0.316303 1.11699
      vertex 0.0619937 -0.259808 1.09229
      vertex 0.0945622 -0.259808 1.09718
    endloop
  endfacet
  facet normal -0.142501 0.280932 0.949089
    outer loop
      vertex 0.115125 -0.316303 1.11699
      vertex 0.0945622 -0.259808 1.09718
      vertex 0.0619937 -0.259808 1.09229
    endloop
  endfacet
  facet normal 0.142579 -0.280806 -0.949115
    outer loop
      vertex -0.255245 0.0775168 0.944835
      vertex -0.837335 0.696461 0.67427
      vertex -0.202673 0.168575 0.925792
    endloop
  endfacet
  facet normal -0.142579 0.280806 0.949115
    outer loop
      vertex -0.255245 0.0775168 0.944835
      vertex -0.202673 0.168575 0.925792
      vertex -0.837335 0.696461 0.67427
    endloop
  endfacet
  facet normal 0.0712697 -0.306762 -0.949114
    outer loop
      vertex -0.681255 1.87173 0.35
      vertex 0.147762 0.259808 0.933238
      vertex 0.0446334 0.259808 0.925494
    endloop
  endfacet
  facet normal 0.0712813 -0.306757 -0.949115
    outer loop
      vertex -0.681255 1.87173 0.35
      vertex 0.0446334 0.259808 0.925494
      vertex -0.0945622 0.259808 0.91504
    endloop
  endfacet
  facet normal 0.071278 -0.306758 -0.949115
    outer loop
      vertex 0.147762 0.259808 0.933238
      vertex -0.681255 1.87173 0.35
      vertex 0.269117 2.40196 0.25
    endloop
  endfacet
  facet normal -0.071278 0.306758 0.949115
    outer loop
      vertex -0.681255 1.87173 0.35
      vertex 0.147762 0.259808 0.933238
      vertex 0.269117 2.40196 0.25
    endloop
  endfacet
  facet normal -0.0712697 0.306762 0.949114
    outer loop
      vertex 0.147762 0.259808 0.933238
      vertex -0.681255 1.87173 0.35
      vertex 0.0446334 0.259808 0.925494
    endloop
  endfacet
  facet normal -0.0712813 0.306757 0.949115
    outer loop
      vertex 0.0446334 0.259808 0.925494
      vertex -0.681255 1.87173 0.35
      vertex -0.0945622 0.259808 0.91504
    endloop
  endfacet
  facet normal 0.0714931 -0.306778 -0.949092
    outer loop
      vertex 0.115125 -0.316303 1.11699
      vertex 0.0945622 -0.259808 1.09718
      vertex 0.118325 -0.259808 1.09897
    endloop
  endfacet
  facet normal -0.0714931 0.306778 0.949092
    outer loop
      vertex 0.115125 -0.316303 1.11699
      vertex 0.118325 -0.259808 1.09897
      vertex 0.0945622 -0.259808 1.09718
    endloop
  endfacet
  facet normal -0.492427 0.0866171 0.866033
    outer loop
      vertex -1.9616 0.345882 0.35
      vertex -0.202094 0.169577 1.36809
      vertex -0.189751 0.190956 1.37297
    endloop
  endfacet
  facet normal -0.492404 0.0868253 0.866025
    outer loop
      vertex -1.9616 0.345882 0.35
      vertex -0.189751 0.190956 1.37297
      vertex -1.93439 1.49763 0.25
    endloop
  endfacet
  facet normal -0.492404 0.0868135 0.866027
    outer loop
      vertex -0.202094 0.169577 1.36809
      vertex -1.9616 0.345882 0.35
      vertex -0.27228 0.0480107 1.34037
    endloop
  endfacet
  facet normal 0.492404 -0.0868135 -0.866027
    outer loop
      vertex -1.9616 0.345882 0.35
      vertex -0.202094 0.169577 1.36809
      vertex -0.27228 0.0480107 1.34037
    endloop
  endfacet
  facet normal 0.492427 -0.0866171 -0.866033
    outer loop
      vertex -0.202094 0.169577 1.36809
      vertex -1.9616 0.345882 0.35
      vertex -0.189751 0.190956 1.37297
    endloop
  endfacet
  facet normal 0.492404 -0.0868253 -0.866025
    outer loop
      vertex -0.189751 0.190956 1.37297
      vertex -1.9616 0.345882 0.35
      vertex -1.93439 1.49763 0.25
    endloop
  endfacet
  facet normal -0.492382 0.0869389 0.866027
    outer loop
      vertex -0.27228 0.0480107 1.34037
      vertex -1.9616 0.345882 0.35
      vertex -0.299999 0 1.32943
    endloop
  endfacet
  facet normal -0.492405 0.0868243 0.866025
    outer loop
      vertex -2.31995 -0.688974 0.25
      vertex -0.299999 0 1.32943
      vertex -1.9616 0.345882 0.35
    endloop
  endfacet
  facet normal -0.492395 0.0867794 0.866035
    outer loop
      vertex -0.299999 0 1.32943
      vertex -2.31995 -0.688974 0.25
      vertex -0.247905 -0.0902301 1.36809
    endloop
  endfacet
  facet normal -0.492396 0.0867867 0.866034
    outer loop
      vertex -0.247905 -0.0902301 1.36809
      vertex -2.31995 -0.688974 0.25
      vertex -0.238877 -0.105867 1.37479
    endloop
  endfacet
  facet normal 0.492395 -0.0867794 -0.866035
    outer loop
      vertex -2.31995 -0.688974 0.25
      vertex -0.299999 0 1.32943
      vertex -0.247905 -0.0902301 1.36809
    endloop
  endfacet
  facet normal 0.492396 -0.0867867 -0.866034
    outer loop
      vertex -2.31995 -0.688974 0.25
      vertex -0.247905 -0.0902301 1.36809
      vertex -0.238877 -0.105867 1.37479
    endloop
  endfacet
  facet normal 0.492405 -0.0868243 -0.866025
    outer loop
      vertex -0.299999 0 1.32943
      vertex -2.31995 -0.688974 0.25
      vertex -1.9616 0.345882 0.35
    endloop
  endfacet
  facet normal 0.492382 -0.0869389 -0.866027
    outer loop
      vertex -0.27228 0.0480107 1.34037
      vertex -0.299999 0 1.32943
      vertex -1.9616 0.345882 0.35
    endloop
  endfacet
  facet normal 0.314433 -0.0171623 -0.949124
    outer loop
      vertex -2.31995 -0.688974 0.25
      vertex -0.249387 -0.0876637 0.925079
      vertex -0.194093 -0.183436 0.945129
    endloop
  endfacet
  facet normal 0.314435 -0.0171689 -0.949124
    outer loop
      vertex -0.249387 -0.0876637 0.925079
      vertex -2.31995 -0.688974 0.25
      vertex -0.299999 0 0.906726
    endloop
  endfacet
  facet normal 0.314434 -0.0171668 -0.949124
    outer loop
      vertex -0.299999 0 0.906726
      vertex -2.31995 -0.688974 0.25
      vertex -1.9616 0.345882 0.35
    endloop
  endfacet
  facet normal 0.314436 -0.0171603 -0.949124
    outer loop
      vertex -0.27228 0.0480106 0.915041
      vertex -0.299999 0 0.906726
      vertex -1.9616 0.345882 0.35
    endloop
  endfacet
  facet normal -0.314436 0.0171603 0.949124
    outer loop
      vertex -0.27228 0.0480106 0.915041
      vertex -1.9616 0.345882 0.35
      vertex -0.299999 0 0.906726
    endloop
  endfacet
  facet normal -0.314435 0.0171689 0.949124
    outer loop
      vertex -2.31995 -0.688974 0.25
      vertex -0.249387 -0.0876637 0.925079
      vertex -0.299999 0 0.906726
    endloop
  endfacet
  facet normal -0.314434 0.0171668 0.949124
    outer loop
      vertex -2.31995 -0.688974 0.25
      vertex -0.299999 0 0.906726
      vertex -1.9616 0.345882 0.35
    endloop
  endfacet
  facet normal -0.314433 0.0171623 0.949124
    outer loop
      vertex -0.249387 -0.0876637 0.925079
      vertex -2.31995 -0.688974 0.25
      vertex -0.194093 -0.183436 0.945129
    endloop
  endfacet
  facet normal 0.314508 -0.0172936 -0.949097
    outer loop
      vertex 0.331488 -0.05845 1.11699
      vertex 0.255871 -0.076432 1.09226
      vertex 0.272281 -0.0480101 1.09718
    endloop
  endfacet
  facet normal -0.314508 0.0172936 0.949097
    outer loop
      vertex 0.331488 -0.05845 1.11699
      vertex 0.272281 -0.0480101 1.09718
      vertex 0.255871 -0.076432 1.09226
    endloop
  endfacet
  facet normal 0.301695 -0.0895402 -0.94919
    outer loop
      vertex -1.9616 0.345882 0.35
      vertex -0.202673 0.168575 0.925792
      vertex -0.27228 0.0480106 0.915041
    endloop
  endfacet
  facet normal 0.301731 -0.089485 -0.949184
    outer loop
      vertex -0.15 0.259808 0.933927
      vertex -1.93439 1.49763 0.25
      vertex -0.13194 0.259808 0.939668
    endloop
  endfacet
  facet normal 0.301695 -0.0895455 -0.94919
    outer loop
      vertex -0.202673 0.168575 0.925792
      vertex -1.9616 0.345882 0.35
      vertex -0.15 0.259808 0.933927
    endloop
  endfacet
  facet normal 0.301695 -0.0895406 -0.94919
    outer loop
      vertex -0.15 0.259808 0.933927
      vertex -1.9616 0.345882 0.35
      vertex -1.93439 1.49763 0.25
    endloop
  endfacet
  facet normal -0.301695 0.0895455 0.94919
    outer loop
      vertex -1.9616 0.345882 0.35
      vertex -0.202673 0.168575 0.925792
      vertex -0.15 0.259808 0.933927
    endloop
  endfacet
  facet normal -0.301731 0.089485 0.949184
    outer loop
      vertex -1.93439 1.49763 0.25
      vertex -0.15 0.259808 0.933927
      vertex -0.13194 0.259808 0.939668
    endloop
  endfacet
  facet normal -0.301695 0.0895406 0.94919
    outer loop
      vertex -1.9616 0.345882 0.35
      vertex -0.15 0.259808 0.933927
      vertex -1.93439 1.49763 0.25
    endloop
  endfacet
  facet normal -0.301695 0.0895402 0.94919
    outer loop
      vertex -0.202673 0.168575 0.925792
      vertex -1.9616 0.345882 0.35
      vertex -0.27228 0.0480106 0.915041
    endloop
  endfacet
  facet normal 0.301782 -0.0895819 -0.949159
    outer loop
      vertex 0.331488 -0.05845 1.11699
      vertex 0.272281 -0.0480101 1.09718
      vertex 0.284775 -0.0263697 1.09911
    endloop
  endfacet
  facet normal -0.301782 0.0895819 0.949159
    outer loop
      vertex 0.331488 -0.05845 1.11699
      vertex 0.284775 -0.0263697 1.09911
      vertex 0.272281 -0.0480101 1.09718
    endloop
  endfacet
  facet normal -0.321682 -0.383159 0.865858
    outer loop
      vertex -0.251848 -0.0916653 1.36599
      vertex -0.177718 -0.211797 1.34037
      vertex -0.247905 -0.0902301 1.36809
    endloop
  endfacet
  facet normal -0.321397 -0.383019 0.866026
    outer loop
      vertex -0.251848 -0.0916653 1.36599
      vertex -1.28034 -1.52585 0.35
      vertex -0.177718 -0.211797 1.34037
    endloop
  endfacet
  facet normal -0.321394 -0.383021 0.866026
    outer loop
      vertex -1.28034 -1.52585 0.35
      vertex -0.251848 -0.0916653 1.36599
      vertex -2.11693 -1.04997 0.25
    endloop
  endfacet
  facet normal 0.321682 0.383159 -0.865858
    outer loop
      vertex -0.177718 -0.211797 1.34037
      vertex -0.251848 -0.0916653 1.36599
      vertex -0.247905 -0.0902301 1.36809
    endloop
  endfacet
  facet normal 0.321397 0.383019 -0.866026
    outer loop
      vertex -1.28034 -1.52585 0.35
      vertex -0.251848 -0.0916653 1.36599
      vertex -0.177718 -0.211797 1.34037
    endloop
  endfacet
  facet normal 0.321394 0.383021 -0.866026
    outer loop
      vertex -0.251848 -0.0916653 1.36599
      vertex -1.28034 -1.52585 0.35
      vertex -2.11693 -1.04997 0.25
    endloop
  endfacet
  facet normal -0.317404 -0.391654 0.863633
    outer loop
      vertex -0.248168 -0.0897744 1.3682
      vertex -0.251848 -0.0916653 1.36599
      vertex -0.247905 -0.0902301 1.36809
    endloop
  endfacet
  facet normal 0.317404 0.391654 -0.863633
    outer loop
      vertex -0.248168 -0.0897744 1.3682
      vertex -0.247905 -0.0902301 1.36809
      vertex -0.251848 -0.0916653 1.36599
    endloop
  endfacet
  facet normal -0.321349 -0.383038 0.866035
    outer loop
      vertex -0.58818 -2.33275 0.25
      vertex -0.0458113 -0.259808 1.36809
      vertex -0.15 -0.259808 1.32943
    endloop
  endfacet
  facet normal -0.321578 -0.382953 0.865988
    outer loop
      vertex -0.0458113 -0.259808 1.36809
      vertex -0.58818 -2.33275 0.25
      vertex -0.0318619 -0.259808 1.37327
    endloop
  endfacet
  facet normal -0.32149 -0.382941 0.866026
    outer loop
      vertex -1.28034 -1.52585 0.35
      vertex -0.15 -0.259808 1.32943
      vertex -0.177718 -0.211797 1.34037
    endloop
  endfacet
  facet normal -0.321397 -0.383022 0.866024
    outer loop
      vertex -0.15 -0.259808 1.32943
      vertex -1.28034 -1.52585 0.35
      vertex -0.58818 -2.33275 0.25
    endloop
  endfacet
  facet normal 0.321578 0.382953 -0.865988
    outer loop
      vertex -0.58818 -2.33275 0.25
      vertex -0.0458113 -0.259808 1.36809
      vertex -0.0318619 -0.259808 1.37327
    endloop
  endfacet
  facet normal 0.321349 0.383038 -0.866035
    outer loop
      vertex -0.0458113 -0.259808 1.36809
      vertex -0.58818 -2.33275 0.25
      vertex -0.15 -0.259808 1.32943
    endloop
  endfacet
  facet normal 0.321397 0.383022 -0.866024
    outer loop
      vertex -1.28034 -1.52585 0.35
      vertex -0.15 -0.259808 1.32943
      vertex -0.58818 -2.33275 0.25
    endloop
  endfacet
  facet normal 0.32149 0.382941 -0.866026
    outer loop
      vertex -0.15 -0.259808 1.32943
      vertex -1.28034 -1.52585 0.35
      vertex -0.177718 -0.211797 1.34037
    endloop
  endfacet
  facet normal 0.171183 0.264463 -0.949081
    outer loop
      vertex -0.58818 -2.33275 0.25
      vertex -0.0458117 -0.259808 0.925454
      vertex 0.0555979 -0.259808 0.943745
    endloop
  endfacet
  facet normal 0.171182 0.264463 -0.949082
    outer loop
      vertex -0.0458117 -0.259808 0.925454
      vertex -0.58818 -2.33275 0.25
      vertex -0.15 -0.259808 0.906662
    endloop
  endfacet
  facet normal 0.171184 0.264463 -0.949081
    outer loop
      vertex -1.28034 -1.52585 0.35
      vertex -0.15 -0.259808 0.906662
      vertex -0.58818 -2.33275 0.25
    endloop
  endfacet
  facet normal 0.171194 0.264455 -0.949082
    outer loop
      vertex -0.15 -0.259808 0.906662
      vertex -1.28034 -1.52585 0.35
      vertex -0.177719 -0.211797 0.91504
    endloop
  endfacet
  facet normal -0.171182 -0.264463 0.949082
    outer loop
      vertex -0.58818 -2.33275 0.25
      vertex -0.0458117 -0.259808 0.925454
      vertex -0.15 -0.259808 0.906662
    endloop
  endfacet
  facet normal -0.171183 -0.264463 0.949081
    outer loop
      vertex -0.0458117 -0.259808 0.925454
      vertex -0.58818 -2.33275 0.25
      vertex 0.0555979 -0.259808 0.943745
    endloop
  endfacet
  facet normal -0.171194 -0.264455 0.949082
    outer loop
      vertex -1.28034 -1.52585 0.35
      vertex -0.15 -0.259808 0.906662
      vertex -0.177719 -0.211797 0.91504
    endloop
  endfacet
  facet normal -0.171184 -0.264463 0.949081
    outer loop
      vertex -0.15 -0.259808 0.906662
      vertex -1.28034 -1.52585 0.35
      vertex -0.58818 -2.33275 0.25
    endloop
  endfacet
  facet normal 0.171379 0.26442 -0.949058
    outer loop
      vertex 0.193547 0.184382 1.0924
      vertex 0.177719 0.211797 1.09718
      vertex 0.216364 0.257852 1.11699
    endloop
  endfacet
  facet normal -0.171379 -0.26442 0.949058
    outer loop
      vertex 0.193547 0.184382 1.0924
      vertex 0.216364 0.257852 1.11699
      vertex 0.177719 0.211797 1.09718
    endloop
  endfacet
  facet normal 0.23389 0.211777 -0.948918
    outer loop
      vertex -0.177719 -0.211797 0.91504
      vertex -0.653522 -0.229724 0.793763
      vertex -0.249387 -0.0876637 0.925079
    endloop
  endfacet
  facet normal 0.23389 0.211776 -0.948919
    outer loop
      vertex -1.28034 -1.52585 0.35
      vertex -0.653522 -0.229724 0.793763
      vertex -0.177719 -0.211797 0.91504
    endloop
  endfacet
  facet normal 0.233892 0.211775 -0.948918
    outer loop
      vertex -0.653522 -0.229724 0.793763
      vertex -1.28034 -1.52585 0.35
      vertex -2.11693 -1.04997 0.25
    endloop
  endfacet
  facet normal -0.23389 -0.211777 0.948918
    outer loop
      vertex -0.653522 -0.229724 0.793763
      vertex -0.177719 -0.211797 0.91504
      vertex -0.249387 -0.0876637 0.925079
    endloop
  endfacet
  facet normal -0.23389 -0.211776 0.948919
    outer loop
      vertex -0.653522 -0.229724 0.793763
      vertex -1.28034 -1.52585 0.35
      vertex -0.177719 -0.211797 0.91504
    endloop
  endfacet
  facet normal -0.233892 -0.211775 0.948918
    outer loop
      vertex -1.28034 -1.52585 0.35
      vertex -0.653522 -0.229724 0.793763
      vertex -2.11693 -1.04997 0.25
    endloop
  endfacet
  facet normal 0.233628 0.212121 -0.948906
    outer loop
      vertex 0.177719 0.211797 1.09718
      vertex 0.167078 0.230227 1.09868
      vertex 0.216364 0.257852 1.11699
    endloop
  endfacet
  facet normal -0.233628 -0.212121 0.948906
    outer loop
      vertex 0.177719 0.211797 1.09718
      vertex 0.216364 0.257852 1.11699
      vertex 0.167078 0.230227 1.09868
    endloop
  endfacet
  facet normal 0.233893 0.211769 -0.948919
    outer loop
      vertex -0.249387 -0.0876637 0.925079
      vertex -0.653522 -0.229724 0.793763
      vertex -0.286227 -0.0238535 0.930239
    endloop
  endfacet
  facet normal -0.233893 -0.211769 0.948919
    outer loop
      vertex -0.249387 -0.0876637 0.925079
      vertex -0.286227 -0.0238535 0.930239
      vertex -0.653522 -0.229724 0.793763
    endloop
  endfacet
  facet normal 0.171016 -0.469849 0.866022
    outer loop
      vertex -0.0725321 -0.411349 1.29115
      vertex 0.0945622 -0.259808 1.34037
      vertex -0.0458113 -0.259808 1.36809
    endloop
  endfacet
  facet normal 0.171012 -0.469846 0.866026
    outer loop
      vertex 0.0945622 -0.259808 1.34037
      vertex -0.0725321 -0.411349 1.29115
      vertex 0.681255 -1.87173 0.35
    endloop
  endfacet
  facet normal 0.17101 -0.469846 0.866025
    outer loop
      vertex 0.681255 -1.87173 0.35
      vertex -0.0725321 -0.411349 1.29115
      vertex -0.245137 -2.39323 0.25
    endloop
  endfacet
  facet normal -0.171012 0.469846 -0.866026
    outer loop
      vertex -0.0725321 -0.411349 1.29115
      vertex 0.0945622 -0.259808 1.34037
      vertex 0.681255 -1.87173 0.35
    endloop
  endfacet
  facet normal -0.171016 0.469849 -0.866022
    outer loop
      vertex 0.0945622 -0.259808 1.34037
      vertex -0.0725321 -0.411349 1.29115
      vertex -0.0458113 -0.259808 1.36809
    endloop
  endfacet
  facet normal -0.17101 0.469846 -0.866025
    outer loop
      vertex -0.0725321 -0.411349 1.29115
      vertex 0.681255 -1.87173 0.35
      vertex -0.245137 -2.39323 0.25
    endloop
  endfacet
  facet normal 0.170991 -0.469848 0.866028
    outer loop
      vertex -0.0593342 -0.259808 1.37076
      vertex -0.0725321 -0.411349 1.29115
      vertex -0.0458113 -0.259808 1.36809
    endloop
  endfacet
  facet normal -0.170991 0.469848 -0.866028
    outer loop
      vertex -0.0593342 -0.259808 1.37076
      vertex -0.0458113 -0.259808 1.36809
      vertex -0.0725321 -0.411349 1.29115
    endloop
  endfacet
  facet normal 0.171011 -0.469848 0.866024
    outer loop
      vertex 0.626887 -0.526021 1.09083
      vertex 0.681255 -1.87173 0.35
      vertex 1.82907 -1.63828 0.25
    endloop
  endfacet
  facet normal 0.171042 -0.469809 0.866039
    outer loop
      vertex 0.15 -0.259808 1.32943
      vertex 0.626887 -0.526021 1.09083
      vertex 0.202094 -0.169577 1.36809
    endloop
  endfacet
  facet normal 0.170887 -0.470015 0.865958
    outer loop
      vertex 0.0945622 -0.259808 1.34037
      vertex 0.626887 -0.526021 1.09083
      vertex 0.15 -0.259808 1.32943
    endloop
  endfacet
  facet normal 0.171001 -0.46985 0.866026
    outer loop
      vertex 0.626887 -0.526021 1.09083
      vertex 0.0945622 -0.259808 1.34037
      vertex 0.681255 -1.87173 0.35
    endloop
  endfacet
  facet normal -0.171011 0.469848 -0.866024
    outer loop
      vertex 0.681255 -1.87173 0.35
      vertex 0.626887 -0.526021 1.09083
      vertex 1.82907 -1.63828 0.25
    endloop
  endfacet
  facet normal -0.171001 0.46985 -0.866026
    outer loop
      vertex 0.0945622 -0.259808 1.34037
      vertex 0.626887 -0.526021 1.09083
      vertex 0.681255 -1.87173 0.35
    endloop
  endfacet
  facet normal -0.171042 0.469809 -0.866039
    outer loop
      vertex 0.626887 -0.526021 1.09083
      vertex 0.15 -0.259808 1.32943
      vertex 0.202094 -0.169577 1.36809
    endloop
  endfacet
  facet normal -0.170887 0.470015 -0.865958
    outer loop
      vertex 0.626887 -0.526021 1.09083
      vertex 0.0945622 -0.259808 1.34037
      vertex 0.15 -0.259808 1.32943
    endloop
  endfacet
  facet normal 0.170918 -0.469926 0.866
    outer loop
      vertex 0.215858 -0.145737 1.37831
      vertex 0.202094 -0.169577 1.36809
      vertex 0.626887 -0.526021 1.09083
    endloop
  endfacet
  facet normal -0.170918 0.469926 -0.866
    outer loop
      vertex 0.215858 -0.145737 1.37831
      vertex 0.626887 -0.526021 1.09083
      vertex 0.202094 -0.169577 1.36809
    endloop
  endfacet
  facet normal -0.140007 0.281777 -0.94921
    outer loop
      vertex 0.681255 -1.87173 0.35
      vertex 1.17566 -0.981377 0.541381
      vertex 1.82907 -1.63828 0.25
    endloop
  endfacet
  facet normal -0.140006 0.281776 -0.94921
    outer loop
      vertex 0.15 -0.259808 0.906863
      vertex 1.17566 -0.981377 0.541381
      vertex 0.681255 -1.87173 0.35
    endloop
  endfacet
  facet normal -0.140008 0.281773 -0.949211
    outer loop
      vertex 1.17566 -0.981377 0.541381
      vertex 0.15 -0.259808 0.906863
      vertex 0.202437 -0.168983 0.92609
    endloop
  endfacet
  facet normal -0.140007 0.281776 -0.94921
    outer loop
      vertex 0.15 -0.259808 0.906863
      vertex 0.681255 -1.87173 0.35
      vertex 0.0945622 -0.259808 0.91504
    endloop
  endfacet
  facet normal 0.140007 -0.281777 0.94921
    outer loop
      vertex 1.17566 -0.981377 0.541381
      vertex 0.681255 -1.87173 0.35
      vertex 1.82907 -1.63828 0.25
    endloop
  endfacet
  facet normal 0.140008 -0.281773 0.949211
    outer loop
      vertex 0.15 -0.259808 0.906863
      vertex 1.17566 -0.981377 0.541381
      vertex 0.202437 -0.168983 0.92609
    endloop
  endfacet
  facet normal 0.140006 -0.281776 0.94921
    outer loop
      vertex 1.17566 -0.981377 0.541381
      vertex 0.15 -0.259808 0.906863
      vertex 0.681255 -1.87173 0.35
    endloop
  endfacet
  facet normal 0.140007 -0.281776 0.94921
    outer loop
      vertex 0.681255 -1.87173 0.35
      vertex 0.15 -0.259808 0.906863
      vertex 0.0945622 -0.259808 0.91504
    endloop
  endfacet
  facet normal -0.139852 0.28193 -0.949187
    outer loop
      vertex -0.0945622 0.259808 1.09718
      vertex -0.115125 0.316303 1.11699
      vertex -0.05893 0.259808 1.09193
    endloop
  endfacet
  facet normal 0.139852 -0.28193 0.949187
    outer loop
      vertex -0.0945622 0.259808 1.09718
      vertex -0.05893 0.259808 1.09193
      vertex -0.115125 0.316303 1.11699
    endloop
  endfacet
  facet normal -0.140006 0.281776 -0.949211
    outer loop
      vertex 1.17566 -0.981377 0.541381
      vertex 0.202437 -0.168983 0.92609
      vertex 0.263088 -0.0639315 0.948329
    endloop
  endfacet
  facet normal 0.140006 -0.281776 0.949211
    outer loop
      vertex 1.17566 -0.981377 0.541381
      vertex 0.263088 -0.0639315 0.948329
      vertex 0.202437 -0.168983 0.92609
    endloop
  endfacet
  facet normal -0.0704074 0.307063 -0.949081
    outer loop
      vertex -0.179017 -1.01525 0.690922
      vertex 0.0945622 -0.259808 0.91504
      vertex 0.681255 -1.87173 0.35
    endloop
  endfacet
  facet normal -0.07041 0.307064 -0.949081
    outer loop
      vertex 0.0945622 -0.259808 0.91504
      vertex -0.179017 -1.01525 0.690922
      vertex -0.0458117 -0.259808 0.925454
    endloop
  endfacet
  facet normal -0.0704076 0.307063 -0.949081
    outer loop
      vertex -0.179017 -1.01525 0.690922
      vertex 0.681255 -1.87173 0.35
      vertex -0.245137 -2.39323 0.25
    endloop
  endfacet
  facet normal 0.07041 -0.307064 0.949081
    outer loop
      vertex -0.179017 -1.01525 0.690922
      vertex 0.0945622 -0.259808 0.91504
      vertex -0.0458117 -0.259808 0.925454
    endloop
  endfacet
  facet normal 0.0704074 -0.307063 0.949081
    outer loop
      vertex 0.0945622 -0.259808 0.91504
      vertex -0.179017 -1.01525 0.690922
      vertex 0.681255 -1.87173 0.35
    endloop
  endfacet
  facet normal 0.0704076 -0.307063 0.949081
    outer loop
      vertex 0.681255 -1.87173 0.35
      vertex -0.179017 -1.01525 0.690922
      vertex -0.245137 -2.39323 0.25
    endloop
  endfacet
  facet normal -0.0705457 0.30711 -0.949056
    outer loop
      vertex -0.0945622 0.259808 1.09718
      vertex -0.117836 0.259808 1.09891
      vertex -0.115125 0.316303 1.11699
    endloop
  endfacet
  facet normal 0.0705457 -0.30711 0.949056
    outer loop
      vertex -0.0945622 0.259808 1.09718
      vertex -0.115125 0.316303 1.11699
      vertex -0.117836 0.259808 1.09891
    endloop
  endfacet
  facet normal -0.0704008 0.307062 -0.949082
    outer loop
      vertex -0.0458117 -0.259808 0.925454
      vertex -0.179017 -1.01525 0.690922
      vertex -0.142768 -0.259808 0.932646
    endloop
  endfacet
  facet normal 0.0704008 -0.307062 0.949082
    outer loop
      vertex -0.0458117 -0.259808 0.925454
      vertex -0.142768 -0.259808 0.932646
      vertex -0.179017 -1.01525 0.690922
    endloop
  endfacet
  facet normal 0.492404 -0.0868135 0.866027
    outer loop
      vertex 0.202094 -0.169577 1.36809
      vertex 1.9616 -0.345882 0.35
      vertex 0.27228 -0.0480107 1.34037
    endloop
  endfacet
  facet normal 0.492399 -0.0868536 0.866025
    outer loop
      vertex 0.185886 -0.19765 1.37449
      vertex 1.9616 -0.345882 0.35
      vertex 0.202094 -0.169577 1.36809
    endloop
  endfacet
  facet normal 0.492402 -0.0868241 0.866026
    outer loop
      vertex 1.9616 -0.345882 0.35
      vertex 0.185886 -0.19765 1.37449
      vertex 1.92333 -1.56037 0.25
    endloop
  endfacet
  facet normal -0.492402 0.0868241 -0.866026
    outer loop
      vertex 0.185886 -0.19765 1.37449
      vertex 1.9616 -0.345882 0.35
      vertex 1.92333 -1.56037 0.25
    endloop
  endfacet
  facet normal -0.492404 0.0868135 -0.866027
    outer loop
      vertex 1.9616 -0.345882 0.35
      vertex 0.202094 -0.169577 1.36809
      vertex 0.27228 -0.0480107 1.34037
    endloop
  endfacet
  facet normal -0.492399 0.0868536 -0.866025
    outer loop
      vertex 1.9616 -0.345882 0.35
      vertex 0.185886 -0.19765 1.37449
      vertex 0.202094 -0.169577 1.36809
    endloop
  endfacet
  facet normal 0.492405 -0.0868238 0.866025
    outer loop
      vertex 2.32386 0.711156 0.25
      vertex 0.299999 0 1.32943
      vertex 1.9616 -0.345882 0.35
    endloop
  endfacet
  facet normal 0.492392 -0.0867678 0.866038
    outer loop
      vertex 0.299999 0 1.32943
      vertex 2.32386 0.711156 0.25
      vertex 0.237473 0.108299 1.37583
    endloop
  endfacet
  facet normal 0.492382 -0.0869389 0.866027
    outer loop
      vertex 1.9616 -0.345882 0.35
      vertex 0.299999 0 1.32943
      vertex 0.27228 -0.0480107 1.34037
    endloop
  endfacet
  facet normal -0.492382 0.0869389 -0.866027
    outer loop
      vertex 1.9616 -0.345882 0.35
      vertex 0.27228 -0.0480107 1.34037
      vertex 0.299999 0 1.32943
    endloop
  endfacet
  facet normal -0.492405 0.0868238 -0.866025
    outer loop
      vertex 0.299999 0 1.32943
      vertex 2.32386 0.711156 0.25
      vertex 1.9616 -0.345882 0.35
    endloop
  endfacet
  facet normal -0.492392 0.0867678 -0.866038
    outer loop
      vertex 2.32386 0.711156 0.25
      vertex 0.299999 0 1.32943
      vertex 0.237473 0.108299 1.37583
    endloop
  endfacet
  facet normal -0.314312 0.0179144 -0.949151
    outer loop
      vertex 1.9616 -0.345882 0.35
      vertex 0.27228 -0.0480106 0.915041
      vertex 0.299999 0 0.906768
    endloop
  endfacet
  facet normal -0.31431 0.0179243 -0.949151
    outer loop
      vertex 0.299999 0 0.906768
      vertex 2.32386 0.711156 0.25
      vertex 1.9616 -0.345882 0.35
    endloop
  endfacet
  facet normal -0.314312 0.0179322 -0.94915
    outer loop
      vertex 0.251595 0.0838393 0.924381
      vertex 2.32386 0.711156 0.25
      vertex 0.299999 0 0.906768
    endloop
  endfacet
  facet normal -0.314309 0.0179208 -0.949152
    outer loop
      vertex 2.32386 0.711156 0.25
      vertex 0.251595 0.0838393 0.924381
      vertex 0.191966 0.187119 0.946077
    endloop
  endfacet
  facet normal 0.31431 -0.0179243 0.949151
    outer loop
      vertex 2.32386 0.711156 0.25
      vertex 0.299999 0 0.906768
      vertex 1.9616 -0.345882 0.35
    endloop
  endfacet
  facet normal 0.314312 -0.0179322 0.94915
    outer loop
      vertex 2.32386 0.711156 0.25
      vertex 0.251595 0.0838393 0.924381
      vertex 0.299999 0 0.906768
    endloop
  endfacet
  facet normal 0.314309 -0.0179208 0.949152
    outer loop
      vertex 0.251595 0.0838393 0.924381
      vertex 2.32386 0.711156 0.25
      vertex 0.191966 0.187119 0.946077
    endloop
  endfacet
  facet normal 0.314312 -0.0179144 0.949151
    outer loop
      vertex 1.9616 -0.345882 0.35
      vertex 0.299999 0 0.906768
      vertex 0.27228 -0.0480106 0.915041
    endloop
  endfacet
  facet normal -0.314352 0.0182412 -0.949131
    outer loop
      vertex -0.272281 0.0480101 1.09718
      vertex -0.331488 0.05845 1.11699
      vertex -0.255464 0.0771373 1.09217
    endloop
  endfacet
  facet normal 0.314352 -0.0182412 0.949131
    outer loop
      vertex -0.272281 0.0480101 1.09718
      vertex -0.255464 0.0771373 1.09217
      vertex -0.331488 0.05845 1.11699
    endloop
  endfacet
  facet normal -0.302044 0.0876786 -0.949253
    outer loop
      vertex 0.15 -0.259808 0.934386
      vertex 1.9616 -0.345882 0.35
      vertex 1.92333 -1.56037 0.25
    endloop
  endfacet
  facet normal -0.302044 0.0876839 -0.949253
    outer loop
      vertex 1.9616 -0.345882 0.35
      vertex 0.202437 -0.168983 0.92609
      vertex 0.27228 -0.0480106 0.915041
    endloop
  endfacet
  facet normal -0.302044 0.0876774 -0.949253
    outer loop
      vertex 1.9616 -0.345882 0.35
      vertex 0.15 -0.259808 0.934386
      vertex 0.202437 -0.168983 0.92609
    endloop
  endfacet
  facet normal -0.302044 0.0876788 -0.949253
    outer loop
      vertex 0.15 -0.259808 0.934386
      vertex 1.92333 -1.56037 0.25
      vertex 0.111806 -0.259808 0.946539
    endloop
  endfacet
  facet normal 0.302044 -0.0876839 0.949253
    outer loop
      vertex 0.202437 -0.168983 0.92609
      vertex 1.9616 -0.345882 0.35
      vertex 0.27228 -0.0480106 0.915041
    endloop
  endfacet
  facet normal 0.302044 -0.0876774 0.949253
    outer loop
      vertex 0.15 -0.259808 0.934386
      vertex 1.9616 -0.345882 0.35
      vertex 0.202437 -0.168983 0.92609
    endloop
  endfacet
  facet normal 0.302044 -0.0876786 0.949253
    outer loop
      vertex 1.9616 -0.345882 0.35
      vertex 0.15 -0.259808 0.934386
      vertex 1.92333 -1.56037 0.25
    endloop
  endfacet
  facet normal 0.302044 -0.0876788 0.949253
    outer loop
      vertex 1.92333 -1.56037 0.25
      vertex 0.15 -0.259808 0.934386
      vertex 0.111806 -0.259808 0.946539
    endloop
  endfacet
  facet normal -0.302197 0.0873714 -0.949233
    outer loop
      vertex -0.285369 0.0253397 1.09926
      vertex -0.331488 0.05845 1.11699
      vertex -0.272281 0.0480101 1.09718
    endloop
  endfacet
  facet normal 0.302197 -0.0873714 0.949233
    outer loop
      vertex -0.285369 0.0253397 1.09926
      vertex -0.272281 0.0480101 1.09718
      vertex -0.331488 0.05845 1.11699
    endloop
  endfacet
  facet normal 0.321394 0.383025 0.866024
    outer loop
      vertex 1.28034 1.52585 0.35
      vertex 0.239585 0.104641 1.36481
      vertex 2.01691 1.1339 0.25
    endloop
  endfacet
  facet normal 0.321352 0.383056 0.866026
    outer loop
      vertex 0.239585 0.104641 1.36481
      vertex 1.28034 1.52585 0.35
      vertex 0.177718 0.211797 1.34037
    endloop
  endfacet
  facet normal -0.321394 -0.383025 -0.866024
    outer loop
      vertex 0.239585 0.104641 1.36481
      vertex 1.28034 1.52585 0.35
      vertex 2.01691 1.1339 0.25
    endloop
  endfacet
  facet normal -0.321352 -0.383056 -0.866026
    outer loop
      vertex 1.28034 1.52585 0.35
      vertex 0.239585 0.104641 1.36481
      vertex 0.177718 0.211797 1.34037
    endloop
  endfacet
  facet normal 0.321394 0.383023 0.866025
    outer loop
      vertex 0.0622913 0.353271 1.32064
      vertex 1.28034 1.52585 0.35
      vertex 0.612914 2.31199 0.25
    endloop
  endfacet
  facet normal 0.32149 0.382941 0.866026
    outer loop
      vertex 1.28034 1.52585 0.35
      vertex 0.15 0.259808 1.32943
      vertex 0.177718 0.211797 1.34037
    endloop
  endfacet
  facet normal 0.321378 0.383039 0.866024
    outer loop
      vertex 1.28034 1.52585 0.35
      vertex 0.0622913 0.353271 1.32064
      vertex 0.15 0.259808 1.32943
    endloop
  endfacet
  facet normal 0.321352 0.383016 0.866044
    outer loop
      vertex 0.15 0.259808 1.32943
      vertex 0.0622913 0.353271 1.32064
      vertex 0.0458112 0.259808 1.36809
    endloop
  endfacet
  facet normal -0.32149 -0.382941 -0.866026
    outer loop
      vertex 0.15 0.259808 1.32943
      vertex 1.28034 1.52585 0.35
      vertex 0.177718 0.211797 1.34037
    endloop
  endfacet
  facet normal -0.321378 -0.383039 -0.866024
    outer loop
      vertex 0.0622913 0.353271 1.32064
      vertex 1.28034 1.52585 0.35
      vertex 0.15 0.259808 1.32943
    endloop
  endfacet
  facet normal -0.321394 -0.383023 -0.866025
    outer loop
      vertex 1.28034 1.52585 0.35
      vertex 0.0622913 0.353271 1.32064
      vertex 0.612914 2.31199 0.25
    endloop
  endfacet
  facet normal -0.321352 -0.383016 -0.866044
    outer loop
      vertex 0.0622913 0.353271 1.32064
      vertex 0.15 0.259808 1.32943
      vertex 0.0458112 0.259808 1.36809
    endloop
  endfacet
  facet normal 0.32184 0.382871 0.865927
    outer loop
      vertex 0.0622913 0.353271 1.32064
      vertex 0.0360176 0.259808 1.37173
      vertex 0.0458112 0.259808 1.36809
    endloop
  endfacet
  facet normal -0.32184 -0.382871 -0.865927
    outer loop
      vertex 0.0622913 0.353271 1.32064
      vertex 0.0458112 0.259808 1.36809
      vertex 0.0360176 0.259808 1.37173
    endloop
  endfacet
  facet normal -0.17023 -0.265243 -0.949035
    outer loop
      vertex 0.151589 0.882393 0.732304
      vertex 1.28034 1.52585 0.35
      vertex 0.177719 0.211797 0.91504
    endloop
  endfacet
  facet normal -0.170229 -0.265244 -0.949035
    outer loop
      vertex 1.28034 1.52585 0.35
      vertex 0.151589 0.882393 0.732304
      vertex 0.612914 2.31199 0.25
    endloop
  endfacet
  facet normal -0.170246 -0.265243 -0.949032
    outer loop
      vertex 0.15 0.259808 0.906594
      vertex 0.151589 0.882393 0.732304
      vertex 0.177719 0.211797 0.91504
    endloop
  endfacet
  facet normal -0.170232 -0.265244 -0.949035
    outer loop
      vertex 0.151589 0.882393 0.732304
      vertex 0.15 0.259808 0.906594
      vertex 0.0446334 0.259808 0.925494
    endloop
  endfacet
  facet normal 0.170229 0.265244 0.949035
    outer loop
      vertex 0.151589 0.882393 0.732304
      vertex 1.28034 1.52585 0.35
      vertex 0.612914 2.31199 0.25
    endloop
  endfacet
  facet normal 0.17023 0.265243 0.949035
    outer loop
      vertex 1.28034 1.52585 0.35
      vertex 0.151589 0.882393 0.732304
      vertex 0.177719 0.211797 0.91504
    endloop
  endfacet
  facet normal 0.170246 0.265243 0.949032
    outer loop
      vertex 0.151589 0.882393 0.732304
      vertex 0.15 0.259808 0.906594
      vertex 0.177719 0.211797 0.91504
    endloop
  endfacet
  facet normal 0.170232 0.265244 0.949035
    outer loop
      vertex 0.15 0.259808 0.906594
      vertex 0.151589 0.882393 0.732304
      vertex 0.0446334 0.259808 0.925494
    endloop
  endfacet
  facet normal -0.170547 -0.265102 -0.949018
    outer loop
      vertex -0.177719 -0.211797 1.09718
      vertex -0.216364 -0.257852 1.11699
      vertex -0.192975 -0.185372 1.09254
    endloop
  endfacet
  facet normal 0.170547 0.265102 0.949018
    outer loop
      vertex -0.177719 -0.211797 1.09718
      vertex -0.192975 -0.185372 1.09254
      vertex -0.216364 -0.257852 1.11699
    endloop
  endfacet
  facet normal -0.170219 -0.265246 -0.949036
    outer loop
      vertex 0.0446334 0.259808 0.925494
      vertex -0.0493172 0.259808 0.942345
