solid OpenSCAD_Model
  facet normal -0.17125 0.469847 0.865978
    outer loop
      vertex 0.269117 2.40196 0.25
      vertex 0.0440819 0.25 1.37307
      vertex 0.0615784 0.25 1.37653
    endloop
  endfacet
  facet normal -0.171011 0.469846 0.866025
    outer loop
      vertex -0.364833 0.306131 1.26187
      vertex 0.0440819 0.25 1.37307
      vertex 0.269117 2.40196 0.25
    endloop
  endfacet
  facet normal -0.171062 0.469786 0.866048
    outer loop
      vertex -0.25 0.25 1.315
      vertex -0.364833 0.306131 1.26187
      vertex -0.25 0.209775 1.33682
    endloop
  endfacet
  facet normal -0.171005 0.469871 0.866013
    outer loop
      vertex 0.0440819 0.25 1.37307
      vertex -0.364833 0.306131 1.26187
      vertex -0.25 0.25 1.315
    endloop
  endfacet
  facet normal -0.17101 0.469846 0.866025
    outer loop
      vertex -0.364833 0.306131 1.26187
      vertex 0.269117 2.40196 0.25
      vertex -1.75011 1.66702 0.25
    endloop
  endfacet
  facet normal 0.171062 -0.469786 -0.866048
    outer loop
      vertex -0.25 0.209775 1.33682
      vertex -0.364833 0.306131 1.26187
      vertex -0.25 0.25 1.315
    endloop
  endfacet
  facet normal 0.17125 -0.469847 -0.865978
    outer loop
      vertex 0.0440819 0.25 1.37307
      vertex 0.269117 2.40196 0.25
      vertex 0.0615784 0.25 1.37653
    endloop
  endfacet
  facet normal 0.171005 -0.469871 -0.866013
    outer loop
      vertex -0.364833 0.306131 1.26187
      vertex 0.0440819 0.25 1.37307
      vertex -0.25 0.25 1.315
    endloop
  endfacet
  facet normal 0.171011 -0.469846 -0.866025
    outer loop
      vertex 0.0440819 0.25 1.37307
      vertex -0.364833 0.306131 1.26187
      vertex 0.269117 2.40196 0.25
    endloop
  endfacet
  facet normal 0.17101 -0.469846 -0.866025
    outer loop
      vertex 0.269117 2.40196 0.25
      vertex -0.364833 0.306131 1.26187
      vertex -1.75011 1.66702 0.25
    endloop
  endfacet
  facet normal -0.170899 0.469941 0.865996
    outer loop
      vertex -0.25 0.209775 1.33682
      vertex -0.364833 0.306131 1.26187
      vertex -0.25 0.193319 1.34575
    endloop
  endfacet
  facet normal 0.170899 -0.469941 -0.865996
    outer loop
      vertex -0.25 0.209775 1.33682
      vertex -0.25 0.193319 1.34575
      vertex -0.364833 0.306131 1.26187
    endloop
  endfacet
  facet normal 0.112 -0.307705 -0.944867
    outer loop
      vertex -0.25 0.209774 0.902385
      vertex -0.864745 0.725607 0.66153
      vertex -0.25 0.25 0.889285
    endloop
  endfacet
  facet normal 0.111993 -0.307709 -0.944867
    outer loop
      vertex 0.0440821 0.25 0.924143
      vertex 0.269117 2.40196 0.25
      vertex 0.147206 0.25 0.936366
    endloop
  endfacet
  facet normal 0.111996 -0.307709 -0.944866
    outer loop
      vertex -0.864745 0.725607 0.66153
      vertex 0.0440821 0.25 0.924143
      vertex -0.25 0.25 0.889285
    endloop
  endfacet
  facet normal 0.111996 -0.307709 -0.944866
    outer loop
      vertex 0.0440821 0.25 0.924143
      vertex -0.864745 0.725607 0.66153
      vertex 0.269117 2.40196 0.25
    endloop
  endfacet
  facet normal 0.111997 -0.30771 -0.944866
    outer loop
      vertex 0.269117 2.40196 0.25
      vertex -0.864745 0.725607 0.66153
      vertex -1.75011 1.66702 0.25
    endloop
  endfacet
  facet normal -0.111993 0.307709 0.944867
    outer loop
      vertex 0.269117 2.40196 0.25
      vertex 0.0440821 0.25 0.924143
      vertex 0.147206 0.25 0.936366
    endloop
  endfacet
  facet normal -0.111996 0.307709 0.944866
    outer loop
      vertex -0.864745 0.725607 0.66153
      vertex 0.0440821 0.25 0.924143
      vertex 0.269117 2.40196 0.25
    endloop
  endfacet
  facet normal -0.112 0.307705 0.944867
    outer loop
      vertex -0.25 0.25 0.889285
      vertex -0.864745 0.725607 0.66153
      vertex -0.25 0.209774 0.902385
    endloop
  endfacet
  facet normal -0.111996 0.307709 0.944866
    outer loop
      vertex 0.0440821 0.25 0.924143
      vertex -0.864745 0.725607 0.66153
      vertex -0.25 0.25 0.889285
    endloop
  endfacet
  facet normal -0.111997 0.30771 0.944866
    outer loop
      vertex -0.864745 0.725607 0.66153
      vertex 0.269117 2.40196 0.25
      vertex -1.75011 1.66702 0.25
    endloop
  endfacet
  facet normal 0.112048 -0.307745 -0.944848
    outer loop
      vertex 0.115125 -0.316303 1.11699
      vertex 0.0527701 -0.25 1.088
      vertex 0.118881 -0.25 1.09584
    endloop
  endfacet
  facet normal -0.112048 0.307745 0.944848
    outer loop
      vertex 0.115125 -0.316303 1.11699
      vertex 0.118881 -0.25 1.09584
      vertex 0.0527701 -0.25 1.088
    endloop
  endfacet
  facet normal 0.111995 -0.307711 -0.944866
    outer loop
      vertex -0.25 0.0719397 0.947273
      vertex -0.864745 0.725607 0.66153
      vertex -0.25 0.209774 0.902385
    endloop
  endfacet
  facet normal -0.111995 0.307711 0.944866
    outer loop
      vertex -0.25 0.0719397 0.947273
      vertex -0.25 0.209774 0.902385
      vertex -0.864745 0.725607 0.66153
    endloop
  endfacet
  facet normal -0.492333 0.0865892 0.866089
    outer loop
      vertex -2.31995 -0.688974 0.25
      vertex -0.25 0.209775 1.33682
      vertex -0.25 0.236081 1.33419
    endloop
  endfacet
  facet normal -0.492407 0.0868418 0.866022
    outer loop
      vertex -0.25 0.209775 1.33682
      vertex -2.31995 -0.688974 0.25
      vertex -0.25 -0.0909926 1.36698
    endloop
  endfacet
  facet normal -0.492405 0.0868249 0.866025
    outer loop
      vertex -2.31995 -0.688974 0.25
      vertex -0.25 0.236081 1.33419
      vertex -1.93439 1.49763 0.25
    endloop
  endfacet
  facet normal -0.492372 0.0866475 0.866061
    outer loop
      vertex -0.25 -0.0909926 1.36698
      vertex -2.31995 -0.688974 0.25
      vertex -0.25 -0.108984 1.36878
    endloop
  endfacet
  facet normal 0.492372 -0.0866475 -0.866061
    outer loop
      vertex -2.31995 -0.688974 0.25
      vertex -0.25 -0.0909926 1.36698
      vertex -0.25 -0.108984 1.36878
    endloop
  endfacet
  facet normal 0.492407 -0.0868418 -0.866022
    outer loop
      vertex -0.25 -0.0909926 1.36698
      vertex -2.31995 -0.688974 0.25
      vertex -0.25 0.209775 1.33682
    endloop
  endfacet
  facet normal 0.492333 -0.0865892 -0.866089
    outer loop
      vertex -0.25 0.209775 1.33682
      vertex -2.31995 -0.688974 0.25
      vertex -0.25 0.236081 1.33419
    endloop
  endfacet
  facet normal 0.492405 -0.0868249 -0.866025
    outer loop
      vertex -0.25 0.236081 1.33419
      vertex -2.31995 -0.688974 0.25
      vertex -1.93439 1.49763 0.25
    endloop
  endfacet
  facet normal 0.322481 -0.0568591 -0.944867
    outer loop
      vertex -2.31995 -0.688974 0.25
      vertex -0.25 -0.0909927 0.920485
      vertex -0.25 -0.196731 0.926848
    endloop
  endfacet
  facet normal 0.322482 -0.0568616 -0.944866
    outer loop
      vertex -0.25 -0.0909927 0.920485
      vertex -2.31995 -0.688974 0.25
      vertex -0.25 0.209774 0.902385
    endloop
  endfacet
  facet normal 0.322484 -0.0568667 -0.944865
    outer loop
      vertex -0.25 0.209774 0.902385
      vertex -2.31995 -0.688974 0.25
      vertex -0.25 0.25 0.899964
    endloop
  endfacet
  facet normal 0.322482 -0.0568627 -0.944866
    outer loop
      vertex -0.25 0.25 0.899964
      vertex -2.31995 -0.688974 0.25
      vertex -1.93439 1.49763 0.25
    endloop
  endfacet
  facet normal 0.322483 -0.0568614 -0.944866
    outer loop
      vertex -0.117659 0.25 0.945132
      vertex -0.25 0.25 0.899964
      vertex -1.93439 1.49763 0.25
    endloop
  endfacet
  facet normal -0.322484 0.0568667 0.944865
    outer loop
      vertex -2.31995 -0.688974 0.25
      vertex -0.25 0.209774 0.902385
      vertex -0.25 0.25 0.899964
    endloop
  endfacet
  facet normal -0.322482 0.0568616 0.944866
    outer loop
      vertex -0.25 0.209774 0.902385
      vertex -2.31995 -0.688974 0.25
      vertex -0.25 -0.0909927 0.920485
    endloop
  endfacet
  facet normal -0.322483 0.0568614 0.944866
    outer loop
      vertex -1.93439 1.49763 0.25
      vertex -0.25 0.25 0.899964
      vertex -0.117659 0.25 0.945132
    endloop
  endfacet
  facet normal -0.322482 0.0568627 0.944866
    outer loop
      vertex -2.31995 -0.688974 0.25
      vertex -0.25 0.25 0.899964
      vertex -1.93439 1.49763 0.25
    endloop
  endfacet
  facet normal -0.322481 0.0568591 0.944867
    outer loop
      vertex -0.25 -0.0909927 0.920485
      vertex -2.31995 -0.688974 0.25
      vertex -0.25 -0.196731 0.926848
    endloop
  endfacet
  facet normal 0.322518 -0.0568118 -0.944857
    outer loop
      vertex 0.331488 -0.05845 1.11699
      vertex 0.25 -0.0778283 1.09034
      vertex 0.25 -0.00248835 1.08581
    endloop
  endfacet
  facet normal -0.322518 0.0568118 0.944857
    outer loop
      vertex 0.331488 -0.05845 1.11699
      vertex 0.25 -0.00248835 1.08581
      vertex 0.25 -0.0778283 1.09034
    endloop
  endfacet
  facet normal -0.324178 -0.38266 0.865147
    outer loop
      vertex -0.25 -0.0909926 1.36698
      vertex -0.251848 -0.0916653 1.36599
      vertex -0.25 -0.25 1.29665
    endloop
  endfacet
  facet normal -0.321398 -0.38302 0.866025
    outer loop
      vertex -0.58818 -2.33275 0.25
      vertex -0.0440819 -0.25 1.37307
      vertex -0.25 -0.25 1.29665
    endloop
  endfacet
  facet normal -0.321296 -0.383058 0.866046
    outer loop
      vertex -0.0440819 -0.25 1.37307
      vertex -0.58818 -2.33275 0.25
      vertex -0.0292298 -0.25 1.37858
    endloop
  endfacet
  facet normal -0.321399 -0.383013 0.866028
    outer loop
      vertex -2.11693 -1.04997 0.25
      vertex -0.25 -0.25 1.29665
      vertex -0.251848 -0.0916653 1.36599
    endloop
  endfacet
  facet normal -0.321394 -0.383021 0.866026
    outer loop
      vertex -0.25 -0.25 1.29665
      vertex -2.11693 -1.04997 0.25
      vertex -0.58818 -2.33275 0.25
    endloop
  endfacet
  facet normal 0.321296 0.383058 -0.866046
    outer loop
      vertex -0.58818 -2.33275 0.25
      vertex -0.0440819 -0.25 1.37307
      vertex -0.0292298 -0.25 1.37858
    endloop
  endfacet
  facet normal 0.324178 0.38266 -0.865147
    outer loop
      vertex -0.25 -0.25 1.29665
      vertex -0.251848 -0.0916653 1.36599
      vertex -0.25 -0.0909926 1.36698
    endloop
  endfacet
  facet normal 0.321398 0.38302 -0.866025
    outer loop
      vertex -0.0440819 -0.25 1.37307
      vertex -0.58818 -2.33275 0.25
      vertex -0.25 -0.25 1.29665
    endloop
  endfacet
  facet normal 0.321394 0.383021 -0.866026
    outer loop
      vertex -2.11693 -1.04997 0.25
      vertex -0.25 -0.25 1.29665
      vertex -0.58818 -2.33275 0.25
    endloop
  endfacet
  facet normal 0.321399 0.383013 -0.866028
    outer loop
      vertex -0.25 -0.25 1.29665
      vertex -2.11693 -1.04997 0.25
      vertex -0.251848 -0.0916653 1.36599
    endloop
  endfacet
  facet normal -0.327652 -0.375685 0.866894
    outer loop
      vertex -0.25 -0.0907157 1.3671
      vertex -0.251848 -0.0916653 1.36599
      vertex -0.25 -0.0909926 1.36698
    endloop
  endfacet
  facet normal 0.327652 0.375685 -0.866894
    outer loop
      vertex -0.25 -0.0907157 1.3671
      vertex -0.25 -0.0909926 1.36698
      vertex -0.251848 -0.0916653 1.36599
    endloop
  endfacet
  facet normal 0.210485 0.250846 -0.944866
    outer loop
      vertex -0.58818 -2.33275 0.25
      vertex -0.0440822 -0.25 0.924143
      vertex 0.0586438 -0.25 0.947027
    endloop
  endfacet
  facet normal 0.210486 0.250846 -0.944866
    outer loop
      vertex -0.0440822 -0.25 0.924143
      vertex -0.58818 -2.33275 0.25
      vertex -0.25 -0.25 0.878271
    endloop
  endfacet
  facet normal 0.210484 0.250847 -0.944866
    outer loop
      vertex -0.694932 -0.252935 0.778376
      vertex -0.25 -0.25 0.878271
      vertex -0.58818 -2.33275 0.25
    endloop
  endfacet
  facet normal 0.210484 0.250847 -0.944866
    outer loop
      vertex -0.25 -0.25 0.878271
      vertex -0.694932 -0.252935 0.778376
      vertex -0.25 -0.0909927 0.920485
    endloop
  endfacet
  facet normal 0.210486 0.250846 -0.944866
    outer loop
      vertex -0.694932 -0.252935 0.778376
      vertex -0.58818 -2.33275 0.25
      vertex -2.11693 -1.04997 0.25
    endloop
  endfacet
  facet normal -0.210484 -0.250847 0.944866
    outer loop
      vertex -0.694932 -0.252935 0.778376
      vertex -0.25 -0.25 0.878271
      vertex -0.25 -0.0909927 0.920485
    endloop
  endfacet
  facet normal -0.210484 -0.250847 0.944866
    outer loop
      vertex -0.25 -0.25 0.878271
      vertex -0.694932 -0.252935 0.778376
      vertex -0.58818 -2.33275 0.25
    endloop
  endfacet
  facet normal -0.210486 -0.250846 0.944866
    outer loop
      vertex -0.58818 -2.33275 0.25
      vertex -0.694932 -0.252935 0.778376
      vertex -2.11693 -1.04997 0.25
    endloop
  endfacet
  facet normal -0.210486 -0.250846 0.944866
    outer loop
      vertex -0.58818 -2.33275 0.25
      vertex -0.0440822 -0.25 0.924143
      vertex -0.25 -0.25 0.878271
    endloop
  endfacet
  facet normal -0.210485 -0.250846 0.944866
    outer loop
      vertex -0.0440822 -0.25 0.924143
      vertex -0.58818 -2.33275 0.25
      vertex 0.0586438 -0.25 0.947027
    endloop
  endfacet
  facet normal 0.210677 0.25101 -0.94478
    outer loop
      vertex 0.213925 0.25 1.11436
      vertex 0.202355 0.25 1.11178
      vertex 0.216364 0.257852 1.11699
    endloop
  endfacet
  facet normal -0.210677 -0.25101 0.94478
    outer loop
      vertex 0.213925 0.25 1.11436
      vertex 0.216364 0.257852 1.11699
      vertex 0.202355 0.25 1.11178
    endloop
  endfacet
  facet normal 0.210485 0.250844 -0.944867
    outer loop
      vertex -0.25 -0.0909927 0.920485
      vertex -0.694932 -0.252935 0.778376
      vertex -0.25 -0.00354777 0.9437
    endloop
  endfacet
  facet normal -0.210485 -0.250844 0.944867
    outer loop
      vertex -0.25 -0.0909927 0.920485
      vertex -0.25 -0.00354777 0.9437
      vertex -0.694932 -0.252935 0.778376
    endloop
  endfacet
  facet normal 0.171062 -0.469786 0.866048
    outer loop
      vertex 0.25 -0.25 1.315
      vertex 0.626887 -0.526021 1.09083
      vertex 0.25 -0.209775 1.33682
    endloop
  endfacet
  facet normal 0.171005 -0.469847 0.866026
    outer loop
      vertex -0.0725321 -0.411349 1.29115
      vertex 0.626887 -0.526021 1.09083
      vertex 0.25 -0.25 1.315
    endloop
  endfacet
  facet normal 0.171007 -0.46985 0.866024
    outer loop
      vertex -0.0725321 -0.411349 1.29115
      vertex 0.25 -0.25 1.315
      vertex -0.0440819 -0.25 1.37307
    endloop
  endfacet
  facet normal 0.171005 -0.469846 0.866026
    outer loop
      vertex -0.245137 -2.39323 0.25
      vertex 0.626887 -0.526021 1.09083
      vertex -0.0725321 -0.411349 1.29115
    endloop
  endfacet
  facet normal 0.171011 -0.469848 0.866024
    outer loop
      vertex 0.626887 -0.526021 1.09083
      vertex -0.245137 -2.39323 0.25
      vertex 1.82907 -1.63828 0.25
    endloop
  endfacet
  facet normal -0.171011 0.469848 -0.866024
    outer loop
      vertex -0.245137 -2.39323 0.25
      vertex 0.626887 -0.526021 1.09083
      vertex 1.82907 -1.63828 0.25
    endloop
  endfacet
  facet normal -0.171005 0.469847 -0.866026
    outer loop
      vertex 0.626887 -0.526021 1.09083
      vertex -0.0725321 -0.411349 1.29115
      vertex 0.25 -0.25 1.315
    endloop
  endfacet
  facet normal -0.171007 0.46985 -0.866024
    outer loop
      vertex 0.25 -0.25 1.315
      vertex -0.0725321 -0.411349 1.29115
      vertex -0.0440819 -0.25 1.37307
    endloop
  endfacet
  facet normal -0.171005 0.469846 -0.866026
    outer loop
      vertex 0.626887 -0.526021 1.09083
      vertex -0.245137 -2.39323 0.25
      vertex -0.0725321 -0.411349 1.29115
    endloop
  endfacet
  facet normal -0.171062 0.469786 -0.866048
    outer loop
      vertex 0.626887 -0.526021 1.09083
      vertex 0.25 -0.25 1.315
      vertex 0.25 -0.209775 1.33682
    endloop
  endfacet
  facet normal 0.170882 -0.469957 0.865991
    outer loop
      vertex 0.25 -0.177325 1.35443
      vertex 0.25 -0.209775 1.33682
      vertex 0.626887 -0.526021 1.09083
    endloop
  endfacet
  facet normal -0.170882 0.469957 -0.865991
    outer loop
      vertex 0.25 -0.177325 1.35443
      vertex 0.626887 -0.526021 1.09083
      vertex 0.25 -0.209775 1.33682
    endloop
  endfacet
  facet normal 0.17083 -0.46984 0.866065
    outer loop
      vertex -0.05848 -0.25 1.37591
      vertex -0.0725321 -0.411349 1.29115
      vertex -0.0440819 -0.25 1.37307
    endloop
  endfacet
  facet normal -0.17083 0.46984 -0.866065
    outer loop
      vertex -0.05848 -0.25 1.37591
      vertex -0.0440819 -0.25 1.37307
      vertex -0.0725321 -0.411349 1.29115
    endloop
  endfacet
  facet normal -0.111997 0.30771 -0.944866
    outer loop
      vertex -0.245137 -2.39323 0.25
      vertex 1.20644 -1.01232 0.527655
      vertex 1.82907 -1.63828 0.25
    endloop
  endfacet
  facet normal -0.111996 0.307711 -0.944866
    outer loop
      vertex 1.20644 -1.01232 0.527655
      vertex -0.179017 -1.01525 0.690921
      vertex 0.25 -0.25 0.889285
    endloop
  endfacet
  facet normal -0.111996 0.307711 -0.944866
    outer loop
      vertex 0.25 -0.25 0.889285
      vertex -0.179017 -1.01525 0.690921
      vertex -0.0440822 -0.25 0.924143
    endloop
  endfacet
  facet normal -0.111996 0.307709 -0.944866
    outer loop
      vertex 1.20644 -1.01232 0.527655
      vertex -0.245137 -2.39323 0.25
      vertex -0.179017 -1.01525 0.690921
    endloop
  endfacet
  facet normal -0.111995 0.307712 -0.944865
    outer loop
      vertex 1.20644 -1.01232 0.527655
      vertex 0.25 -0.25 0.889285
      vertex 0.25 -0.209775 0.902385
    endloop
  endfacet
  facet normal 0.111995 -0.307712 0.944865
    outer loop
      vertex 0.25 -0.25 0.889285
      vertex 1.20644 -1.01232 0.527655
      vertex 0.25 -0.209775 0.902385
    endloop
  endfacet
  facet normal 0.111996 -0.307711 0.944866
    outer loop
      vertex -0.179017 -1.01525 0.690921
      vertex 1.20644 -1.01232 0.527655
      vertex 0.25 -0.25 0.889285
    endloop
  endfacet
  facet normal 0.111996 -0.307711 0.944866
    outer loop
      vertex -0.179017 -1.01525 0.690921
      vertex 0.25 -0.25 0.889285
      vertex -0.0440822 -0.25 0.924143
    endloop
  endfacet
  facet normal 0.111996 -0.307709 0.944866
    outer loop
      vertex -0.245137 -2.39323 0.25
      vertex 1.20644 -1.01232 0.527655
      vertex -0.179017 -1.01525 0.690921
    endloop
  endfacet
  facet normal 0.111997 -0.30771 0.944866
    outer loop
      vertex 1.20644 -1.01232 0.527655
      vertex -0.245137 -2.39323 0.25
      vertex 1.82907 -1.63828 0.25
    endloop
  endfacet
  facet normal -0.111937 0.307767 -0.944854
    outer loop
      vertex -0.0491745 0.25 1.08758
      vertex -0.118306 0.25 1.09577
      vertex -0.115125 0.316303 1.11699
    endloop
  endfacet
  facet normal 0.111937 -0.307767 0.944854
    outer loop
      vertex -0.0491745 0.25 1.08758
      vertex -0.115125 0.316303 1.11699
      vertex -0.118306 0.25 1.09577
    endloop
  endfacet
  facet normal -0.111999 0.307708 -0.944866
    outer loop
      vertex 1.20644 -1.01232 0.527655
      vertex 0.25 -0.209775 0.902385
      vertex 0.25 -0.0507731 0.954166
    endloop
  endfacet
  facet normal 0.111999 -0.307708 0.944866
    outer loop
      vertex 1.20644 -1.01232 0.527655
      vertex 0.25 -0.0507731 0.954166
      vertex 0.25 -0.209775 0.902385
    endloop
  endfacet
  facet normal -0.111999 0.307711 -0.944865
    outer loop
      vertex -0.0440822 -0.25 0.924143
      vertex -0.179017 -1.01525 0.690921
      vertex -0.142298 -0.25 0.935785
    endloop
  endfacet
  facet normal 0.111999 -0.307711 0.944865
    outer loop
      vertex -0.0440822 -0.25 0.924143
      vertex -0.142298 -0.25 0.935785
      vertex -0.179017 -1.01525 0.690921
    endloop
  endfacet
  facet normal 0.492409 -0.0868462 0.86602
    outer loop
      vertex 0.25 -0.209775 1.33682
      vertex 2.32386 0.711156 0.25
      vertex 0.25 0.111918 1.36908
    endloop
  endfacet
  facet normal 0.492364 -0.0866969 0.866061
    outer loop
      vertex 0.25 -0.247935 1.333
      vertex 2.32386 0.711156 0.25
      vertex 0.25 -0.209775 1.33682
    endloop
  endfacet
  facet normal 0.492404 -0.0868239 0.866025
    outer loop
      vertex 2.32386 0.711156 0.25
      vertex 0.25 -0.247935 1.333
      vertex 1.92333 -1.56037 0.25
    endloop
  endfacet
  facet normal -0.492404 0.0868239 -0.866025
    outer loop
      vertex 0.25 -0.247935 1.333
      vertex 2.32386 0.711156 0.25
      vertex 1.92333 -1.56037 0.25
    endloop
  endfacet
  facet normal -0.492364 0.0866969 -0.866061
    outer loop
      vertex 0.25 -0.209775 1.33682
      vertex 2.32386 0.711156 0.25
      vertex 0.25 -0.247935 1.333
    endloop
  endfacet
  facet normal -0.492409 0.0868462 -0.86602
    outer loop
      vertex 2.32386 0.711156 0.25
      vertex 0.25 -0.209775 1.33682
      vertex 0.25 0.111918 1.36908
    endloop
  endfacet
  facet normal -0.322483 0.0568607 -0.944866
    outer loop
      vertex 1.92333 -1.56037 0.25
      vertex 0.0981454 -0.25 0.951792
      vertex 0.25 -0.25 0.899964
    endloop
  endfacet
  facet normal -0.322482 0.0568621 -0.944866
    outer loop
      vertex 0.25 -0.25 0.899964
      vertex 2.32386 0.711156 0.25
      vertex 1.92333 -1.56037 0.25
    endloop
  endfacet
  facet normal -0.322484 0.0568681 -0.944865
    outer loop
      vertex 0.25 -0.209775 0.902385
      vertex 2.32386 0.711156 0.25
      vertex 0.25 -0.25 0.899964
    endloop
  endfacet
  facet normal -0.322482 0.0568615 -0.944866
    outer loop
      vertex 0.25 0.0909925 0.920485
      vertex 2.32386 0.711156 0.25
      vertex 0.25 -0.209775 0.902385
    endloop
  endfacet
  facet normal -0.322481 0.0568585 -0.944867
    outer loop
      vertex 2.32386 0.711156 0.25
      vertex 0.25 0.0909925 0.920485
      vertex 0.25 0.201385 0.927128
    endloop
  endfacet
  facet normal 0.322481 -0.0568585 0.944867
    outer loop
      vertex 0.25 0.0909925 0.920485
      vertex 2.32386 0.711156 0.25
      vertex 0.25 0.201385 0.927128
    endloop
  endfacet
  facet normal 0.322482 -0.0568615 0.944866
    outer loop
      vertex 0.25 -0.209775 0.902385
      vertex 2.32386 0.711156 0.25
      vertex 0.25 0.0909925 0.920485
    endloop
  endfacet
  facet normal 0.322484 -0.0568681 0.944865
    outer loop
      vertex 0.25 -0.25 0.899964
      vertex 2.32386 0.711156 0.25
      vertex 0.25 -0.209775 0.902385
    endloop
  endfacet
  facet normal 0.322482 -0.0568621 0.944866
    outer loop
      vertex 2.32386 0.711156 0.25
      vertex 0.25 -0.25 0.899964
      vertex 1.92333 -1.56037 0.25
    endloop
  endfacet
  facet normal 0.322483 -0.0568607 0.944866
    outer loop
      vertex 1.92333 -1.56037 0.25
      vertex 0.25 -0.25 0.899964
      vertex 0.0981454 -0.25 0.951792
    endloop
  endfacet
  facet normal -0.322505 0.0567877 -0.944863
    outer loop
      vertex -0.25 -5.3341e-05 1.08566
      vertex -0.331488 0.05845 1.11699
      vertex -0.25 0.0784804 1.09038
    endloop
  endfacet
  facet normal 0.322505 -0.0567877 0.944863
    outer loop
      vertex -0.25 -5.3341e-05 1.08566
      vertex -0.25 0.0784804 1.09038
      vertex -0.331488 0.05845 1.11699
    endloop
  endfacet
  facet normal 0.321405 0.383018 0.866023
    outer loop
      vertex 0.0622913 0.353271 1.32064
      vertex 0.25 0.25 1.29665
      vertex 0.612914 2.31199 0.25
    endloop
  endfacet
  facet normal 0.3214 0.383007 0.86603
    outer loop
      vertex 0.25 0.25 1.29665
      vertex 0.0622913 0.353271 1.32064
      vertex 0.0440819 0.25 1.37307
    endloop
  endfacet
  facet normal 0.321393 0.383022 0.866026
    outer loop
      vertex 0.25 0.25 1.29665
      vertex 2.01691 1.1339 0.25
      vertex 0.612914 2.31199 0.25
    endloop
  endfacet
  facet normal 0.321396 0.383017 0.866027
    outer loop
      vertex 2.01691 1.1339 0.25
      vertex 0.25 0.25 1.29665
      vertex 0.25 0.110673 1.35827
    endloop
  endfacet
  facet normal -0.321396 -0.383017 -0.866027
    outer loop
      vertex 0.25 0.25 1.29665
      vertex 2.01691 1.1339 0.25
      vertex 0.25 0.110673 1.35827
    endloop
  endfacet
  facet normal -0.321393 -0.383022 -0.866026
    outer loop
      vertex 2.01691 1.1339 0.25
      vertex 0.25 0.25 1.29665
      vertex 0.612914 2.31199 0.25
    endloop
  endfacet
  facet normal -0.321405 -0.383018 -0.866023
    outer loop
      vertex 0.25 0.25 1.29665
      vertex 0.0622913 0.353271 1.32064
      vertex 0.612914 2.31199 0.25
    endloop
  endfacet
  facet normal -0.3214 -0.383007 -0.86603
    outer loop
      vertex 0.0622913 0.353271 1.32064
      vertex 0.25 0.25 1.29665
      vertex 0.0440819 0.25 1.37307
    endloop
  endfacet
  facet normal 0.321692 0.382919 0.86596
    outer loop
      vertex 0.0622913 0.353271 1.32064
      vertex 0.0332605 0.25 1.37709
      vertex 0.0440819 0.25 1.37307
    endloop
  endfacet
  facet normal -0.321692 -0.382919 -0.86596
    outer loop
      vertex 0.0622913 0.353271 1.32064
      vertex 0.0440819 0.25 1.37307
      vertex 0.0332605 0.25 1.37709
    endloop
  endfacet
  facet normal -0.210485 -0.250847 -0.944866
    outer loop
      vertex 0.16041 0.909731 0.723081
      vertex 2.01691 1.1339 0.25
      vertex 0.474563 0.172727 0.848761
    endloop
  endfacet
  facet normal -0.210483 -0.250847 -0.944866
    outer loop
      vertex 0.25 0.25 0.878271
      vertex 0.474563 0.172727 0.848761
      vertex 0.25 0.0909925 0.920485
    endloop
  endfacet
  facet normal -0.210483 -0.250846 -0.944867
    outer loop
      vertex 0.16041 0.909731 0.723081
      vertex 0.474563 0.172727 0.848761
      vertex 0.25 0.25 0.878271
    endloop
  endfacet
  facet normal -0.210485 -0.250847 -0.944866
    outer loop
      vertex 2.01691 1.1339 0.25
      vertex 0.16041 0.909731 0.723081
      vertex 0.612914 2.31199 0.25
    endloop
  endfacet
  facet normal -0.210486 -0.250846 -0.944866
    outer loop
      vertex 0.16041 0.909731 0.723081
      vertex 0.25 0.25 0.878271
      vertex 0.0440821 0.25 0.924143
    endloop
  endfacet
  facet normal 0.210485 0.250847 0.944866
    outer loop
      vertex 0.16041 0.909731 0.723081
      vertex 2.01691 1.1339 0.25
      vertex 0.612914 2.31199 0.25
    endloop
  endfacet
  facet normal 0.210485 0.250847 0.944866
    outer loop
      vertex 2.01691 1.1339 0.25
      vertex 0.16041 0.909731 0.723081
      vertex 0.474563 0.172727 0.848761
    endloop
  endfacet
  facet normal 0.210483 0.250846 0.944867
    outer loop
      vertex 0.474563 0.172727 0.848761
      vertex 0.16041 0.909731 0.723081
      vertex 0.25 0.25 0.878271
    endloop
  endfacet
  facet normal 0.210486 0.250846 0.944866
    outer loop
      vertex 0.25 0.25 0.878271
      vertex 0.16041 0.909731 0.723081
      vertex 0.0440821 0.25 0.924143
    endloop
  endfacet
  facet normal 0.210483 0.250847 0.944866
    outer loop
      vertex 0.474563 0.172727 0.848761
      vertex 0.25 0.25 0.878271
      vertex 0.25 0.0909925 0.920485
    endloop
  endfacet
  facet normal -0.210262 -0.251031 -0.944867
    outer loop
      vertex -0.203764 -0.25 1.1121
      vertex -0.216364 -0.257852 1.11699
      vertex -0.21383 -0.25 1.11434
    endloop
  endfacet
  facet normal 0.210262 0.251031 0.944867
    outer loop
      vertex -0.203764 -0.25 1.1121
      vertex -0.21383 -0.25 1.11434
      vertex -0.216364 -0.257852 1.11699
    endloop
  endfacet
  facet normal -0.210484 -0.250845 -0.944867
    outer loop
      vertex 0.474563 0.172727 0.848761
      vertex 0.25 0.0327814 0.935939
      vertex 0.25 0.0909925 0.920485
    endloop
  endfacet
  facet normal 0.210484 0.250845 0.944867
    outer loop
      vertex 0.474563 0.172727 0.848761
      vertex 0.25 0.0909925 0.920485
      vertex 0.25 0.0327814 0.935939
    endloop
  endfacet
  facet normal -0.210482 -0.250847 -0.944867
    outer loop
      vertex 0.0440821 0.25 0.924143
      vertex -0.052482 0.25 0.945654
      vertex 0.16041 0.909731 0.723081
    endloop
  endfacet
  facet normal 0.210482 0.250847 0.944867
    outer loop
      vertex 0.0440821 0.25 0.924143
      vertex 0.16041 0.909731 0.723081
      vertex -0.052482 0.25 0.945654
    endloop
  endfacet
  facet normal 0.184678 0.507381 0.8417
    outer loop
      vertex -0.074431 0.422118 2.10187
      vertex 0.25 0.25 2.13444
      vertex 1.5751 1.50032 1.09
    endloop
  endfacet
  facet normal 0.18469 0.507401 0.841685
    outer loop
      vertex 0.25 0.25 2.13444
      vertex -0.074431 0.422118 2.10187
      vertex -0.0440819 0.25 2.19897
    endloop
  endfacet
  facet normal 0.184674 0.507385 0.841698
    outer loop
      vertex -0.074431 0.422118 2.10187
      vertex 1.5751 1.50032 1.09
      vertex -0.242205 2.16177 1.09
    endloop
  endfacet
  facet normal 0.184614 0.507434 0.841682
    outer loop
      vertex 1.5751 1.50032 1.09
      vertex 0.25 0.25 2.13444
      vertex 0.25 0.198547 2.16546
    endloop
  endfacet
  facet normal -0.184614 -0.507434 -0.841682
    outer loop
      vertex 0.25 0.25 2.13444
      vertex 1.5751 1.50032 1.09
      vertex 0.25 0.198547 2.16546
    endloop
  endfacet
  facet normal -0.18469 -0.507401 -0.841685
    outer loop
      vertex -0.074431 0.422118 2.10187
      vertex 0.25 0.25 2.13444
      vertex -0.0440819 0.25 2.19897
    endloop
  endfacet
  facet normal -0.184678 -0.507381 -0.8417
    outer loop
      vertex 0.25 0.25 2.13444
      vertex -0.074431 0.422118 2.10187
      vertex 1.5751 1.50032 1.09
    endloop
  endfacet
  facet normal -0.184674 -0.507385 -0.841698
    outer loop
      vertex 1.5751 1.50032 1.09
      vertex -0.074431 0.422118 2.10187
      vertex -0.242205 2.16177 1.09
    endloop
  endfacet
  facet normal 0.184278 0.507385 0.841785
    outer loop
      vertex -0.0440819 0.25 2.19897
      vertex -0.074431 0.422118 2.10187
      vertex -0.0578316 0.25 2.20198
    endloop
  endfacet
  facet normal -0.184278 -0.507385 -0.841785
    outer loop
      vertex -0.0440819 0.25 2.19897
      vertex -0.0578316 0.25 2.20198
      vertex -0.074431 0.422118 2.10187
    endloop
  endfacet
  facet normal -0.122899 -0.337683 -0.933202
    outer loop
      vertex 0.25 0.209774 1.7315
      vertex 1.5751 1.50032 1.09
      vertex 0.25 0.0913286 1.77436
    endloop
  endfacet
  facet normal -0.123037 -0.337555 -0.93323
    outer loop
      vertex 0.25 0.25 1.71695
      vertex 1.5751 1.50032 1.09
      vertex 0.25 0.209774 1.7315
    endloop
  endfacet
  facet normal -0.122901 -0.337679 -0.933203
    outer loop
      vertex -0.17642 1.00053 1.50153
      vertex 0.25 0.25 1.71695
      vertex -0.0440821 0.25 1.75568
    endloop
  endfacet
  facet normal -0.122905 -0.337681 -0.933202
    outer loop
      vertex 0.25 0.25 1.71695
      vertex -0.17642 1.00053 1.50153
      vertex 1.5751 1.50032 1.09
    endloop
  endfacet
  facet normal -0.122906 -0.337679 -0.933203
    outer loop
      vertex 1.5751 1.50032 1.09
      vertex -0.17642 1.00053 1.50153
      vertex -0.242205 2.16177 1.09
    endloop
  endfacet
  facet normal 0.122905 0.337681 0.933202
    outer loop
      vertex -0.17642 1.00053 1.50153
      vertex 0.25 0.25 1.71695
      vertex 1.5751 1.50032 1.09
    endloop
  endfacet
  facet normal 0.122901 0.337679 0.933203
    outer loop
      vertex 0.25 0.25 1.71695
      vertex -0.17642 1.00053 1.50153
      vertex -0.0440821 0.25 1.75568
    endloop
  endfacet
  facet normal 0.122906 0.337679 0.933203
    outer loop
      vertex -0.17642 1.00053 1.50153
      vertex 1.5751 1.50032 1.09
      vertex -0.242205 2.16177 1.09
    endloop
  endfacet
  facet normal 0.123037 0.337555 0.93323
    outer loop
      vertex 0.25 0.209774 1.7315
      vertex 1.5751 1.50032 1.09
      vertex 0.25 0.25 1.71695
    endloop
  endfacet
  facet normal 0.122899 0.337683 0.933202
    outer loop
      vertex 1.5751 1.50032 1.09
      vertex 0.25 0.209774 1.7315
      vertex 0.25 0.0913286 1.77436
    endloop
  endfacet
  facet normal -0.122819 -0.337741 -0.933192
    outer loop
      vertex -0.103612 -0.284672 1.95699
      vertex -0.105576 -0.25 1.9447
      vertex -0.0710045 -0.25 1.94015
    endloop
  endfacet
  facet normal 0.122819 0.337741 0.933192
    outer loop
      vertex -0.103612 -0.284672 1.95699
      vertex -0.0710045 -0.25 1.94015
      vertex -0.105576 -0.25 1.9447
    endloop
  endfacet
  facet normal -0.12291 -0.33768 -0.933202
    outer loop
      vertex -0.133902 0.25 1.76751
      vertex -0.17642 1.00053 1.50153
      vertex -0.0440821 0.25 1.75568
    endloop
  endfacet
  facet normal 0.12291 0.33768 0.933202
    outer loop
      vertex -0.133902 0.25 1.76751
      vertex -0.0440821 0.25 1.75568
      vertex -0.17642 1.00053 1.50153
    endloop
  endfacet
  facet normal -0.347151 0.413598 0.841679
    outer loop
      vertex -0.467251 2.15159 1.09
      vertex -0.0440819 0.25 2.19897
      vertex -0.0223581 0.25 2.20793
    endloop
  endfacet
  facet normal -0.347073 0.413626 0.841697
    outer loop
      vertex -0.0440819 0.25 2.19897
      vertex -0.467251 2.15159 1.09
      vertex -0.25 0.25 2.11406
    endloop
  endfacet
  facet normal -0.347073 0.413626 0.841697
    outer loop
      vertex -1.99804 0.867104 1.09
      vertex -0.25 0.25 2.11406
      vertex -0.467251 2.15159 1.09
    endloop
  endfacet
  facet normal -0.347076 0.41362 0.841699
    outer loop
      vertex -0.25 0.25 2.11406
      vertex -1.99804 0.867104 1.09
      vertex -0.25 0.0760926 2.19952
    endloop
  endfacet
  facet normal 0.347076 -0.41362 -0.841699
    outer loop
      vertex -1.99804 0.867104 1.09
      vertex -0.25 0.25 2.11406
      vertex -0.25 0.0760926 2.19952
    endloop
  endfacet
  facet normal 0.347073 -0.413626 -0.841697
    outer loop
      vertex -0.25 0.25 2.11406
      vertex -1.99804 0.867104 1.09
      vertex -0.467251 2.15159 1.09
    endloop
  endfacet
  facet normal 0.347073 -0.413626 -0.841697
    outer loop
      vertex -0.467251 2.15159 1.09
      vertex -0.0440819 0.25 2.19897
      vertex -0.25 0.25 2.11406
    endloop
  endfacet
  facet normal 0.347151 -0.413598 -0.841679
    outer loop
      vertex -0.0440819 0.25 2.19897
      vertex -0.467251 2.15159 1.09
      vertex -0.0223581 0.25 2.20793
    endloop
  endfacet
  facet normal 0.230969 -0.275308 -0.933198
    outer loop
      vertex -1.99804 0.867104 1.09
      vertex -0.25 0.0909925 1.75161
      vertex -0.25 -0.00913795 1.78115
    endloop
  endfacet
  facet normal 0.230997 -0.275254 -0.933207
    outer loop
      vertex -0.25 0.0909925 1.75161
      vertex -1.99804 0.867104 1.09
      vertex -0.25 0.25 1.70471
    endloop
  endfacet
  facet normal 0.230986 -0.275279 -0.933203
    outer loop
      vertex -0.25 0.25 1.70471
      vertex -1.99804 0.867104 1.09
      vertex -0.467251 2.15159 1.09
    endloop
  endfacet
  facet normal 0.230991 -0.275278 -0.933202
    outer loop
      vertex -0.467251 2.15159 1.09
      vertex -0.0440821 0.25 1.75568
      vertex -0.25 0.25 1.70471
    endloop
  endfacet
  facet normal 0.230963 -0.275286 -0.933206
    outer loop
      vertex -0.0440821 0.25 1.75568
      vertex -0.467251 2.15159 1.09
      vertex 0.0608499 0.25 1.78165
    endloop
  endfacet
  facet normal -0.230963 0.275286 0.933206
    outer loop
      vertex -0.467251 2.15159 1.09
      vertex -0.0440821 0.25 1.75568
      vertex 0.0608499 0.25 1.78165
    endloop
  endfacet
  facet normal -0.230997 0.275254 0.933207
    outer loop
      vertex -1.99804 0.867104 1.09
      vertex -0.25 0.0909925 1.75161
      vertex -0.25 0.25 1.70471
    endloop
  endfacet
  facet normal -0.230991 0.275278 0.933202
    outer loop
      vertex -0.0440821 0.25 1.75568
      vertex -0.467251 2.15159 1.09
      vertex -0.25 0.25 1.70471
    endloop
  endfacet
  facet normal -0.230986 0.275279 0.933203
    outer loop
      vertex -1.99804 0.867104 1.09
      vertex -0.25 0.25 1.70471
      vertex -0.467251 2.15159 1.09
    endloop
  endfacet
  facet normal -0.230969 0.275308 0.933198
    outer loop
      vertex -0.25 0.0909925 1.75161
      vertex -1.99804 0.867104 1.09
      vertex -0.25 -0.00913795 1.78115
    endloop
  endfacet
  facet normal -0.531745 -0.0937646 0.841698
    outer loop
      vertex -2.06692 0.50077 1.09
      vertex -0.25 -0.209775 2.15869
      vertex -0.25 0.0878029 2.19184
    endloop
  endfacet
  facet normal -0.531742 -0.0937519 0.841701
    outer loop
      vertex -0.25 -0.209775 2.15869
      vertex -2.06692 0.50077 1.09
      vertex -0.25 -0.215072 2.1581
    endloop
  endfacet
  facet normal -0.531744 -0.0937623 0.841699
    outer loop
      vertex -0.25 -0.215072 2.1581
      vertex -2.06692 0.50077 1.09
      vertex -1.75503 -1.26802 1.09
    endloop
  endfacet
  facet normal 0.531742 0.0937519 -0.841701
    outer loop
      vertex -2.06692 0.50077 1.09
      vertex -0.25 -0.209775 2.15869
      vertex -0.25 -0.215072 2.1581
    endloop
  endfacet
  facet normal 0.531744 0.0937623 -0.841699
    outer loop
      vertex -2.06692 0.50077 1.09
      vertex -0.25 -0.215072 2.1581
      vertex -1.75503 -1.26802 1.09
    endloop
  endfacet
  facet normal 0.531745 0.0937646 -0.841698
    outer loop
      vertex -0.25 -0.209775 2.15869
      vertex -2.06692 0.50077 1.09
      vertex -0.25 0.0878029 2.19184
    endloop
  endfacet
  facet normal 0.353883 0.0624055 -0.933206
    outer loop
      vertex -0.625439 0.227641 1.61838
      vertex -0.25 -0.209774 1.7315
      vertex -0.25 -0.25 1.72881
    endloop
  endfacet
  facet normal 0.353874 0.0623967 -0.93321
    outer loop
      vertex -0.25 -0.209774 1.7315
      vertex -0.625439 0.227641 1.61838
      vertex -0.25 0.0909925 1.75161
    endloop
  endfacet
  facet normal 0.353922 0.0623467 -0.933194
    outer loop
      vertex -1.75503 -1.26802 1.09
      vertex -0.25 -0.25 1.72881
      vertex -0.172164 -0.25 1.75833
    endloop
  endfacet
  facet normal 0.353885 0.0624079 -0.933204
    outer loop
      vertex -1.75503 -1.26802 1.09
      vertex -0.625439 0.227641 1.61838
      vertex -0.25 -0.25 1.72881
    endloop
  endfacet
  facet normal 0.353892 0.0624017 -0.933202
    outer loop
      vertex -0.625439 0.227641 1.61838
      vertex -1.75503 -1.26802 1.09
      vertex -2.06692 0.50077 1.09
    endloop
  endfacet
  facet normal -0.353874 -0.0623967 0.93321
    outer loop
      vertex -0.625439 0.227641 1.61838
      vertex -0.25 -0.209774 1.7315
      vertex -0.25 0.0909925 1.75161
    endloop
  endfacet
  facet normal -0.353883 -0.0624055 0.933206
    outer loop
      vertex -0.25 -0.209774 1.7315
      vertex -0.625439 0.227641 1.61838
      vertex -0.25 -0.25 1.72881
    endloop
  endfacet
  facet normal -0.353922 -0.0623467 0.933194
    outer loop
      vertex -0.25 -0.25 1.72881
      vertex -1.75503 -1.26802 1.09
      vertex -0.172164 -0.25 1.75833
    endloop
  endfacet
  facet normal -0.353885 -0.0624079 0.933204
    outer loop
      vertex -0.625439 0.227641 1.61838
      vertex -1.75503 -1.26802 1.09
      vertex -0.25 -0.25 1.72881
    endloop
  endfacet
  facet normal -0.353892 -0.0624017 0.933202
    outer loop
      vertex -1.75503 -1.26802 1.09
      vertex -0.625439 0.227641 1.61838
      vertex -2.06692 0.50077 1.09
    endloop
  endfacet
  facet normal 0.353908 0.0623698 -0.933199
    outer loop
      vertex 0.298339 0.052605 1.95699
      vertex 0.25 0.0215155 1.93658
      vertex 0.25 0.0617642 1.93927
    endloop
  endfacet
  facet normal -0.353908 -0.0623698 0.933199
    outer loop
      vertex 0.298339 0.052605 1.95699
      vertex 0.25 0.0617642 1.93927
      vertex 0.25 0.0215155 1.93658
    endloop
  endfacet
  facet normal 0.353873 0.062394 -0.93321
    outer loop
      vertex -0.25 0.0909925 1.75161
      vertex -0.625439 0.227641 1.61838
      vertex -0.25 0.156503 1.75599
    endloop
  endfacet
  facet normal -0.353873 -0.062394 0.93321
    outer loop
      vertex -0.25 0.0909925 1.75161
      vertex -0.25 0.156503 1.75599
      vertex -0.625439 0.227641 1.61838
    endloop
  endfacet
  facet normal -0.184626 -0.507419 0.841688
    outer loop
      vertex -0.25 -0.209775 2.15869
      vertex -0.287975 -0.24164 2.13115
      vertex -0.25 -0.25 2.13444
    endloop
  endfacet
  facet normal -0.184692 -0.507386 0.841693
    outer loop
